SolarRef (%),WindRef (%) UI,LoadRef (%),SolarU (V),LoadI (mA),WindU (V),Fuel cell U (V),Fuel cell pwm (0-255),ElectrolyzerU (V),ElectrolyzerI (mA),Electrolyzer pwm (0-255),gridU (V),H2Ref byte (0-255),looptime (ms),fanRaw (%) dimmer,wind pwm (0-255),Total current multiplier (mA),zon power (W),wind power (W),fuel cell flow (-),Tanklevel (mL),t (s)
0.0,0.0,0.0,2.0,2.0,2.0,2.0,2.0,2.0,7.0,2.0,2.0,2.0,2.0,2.0,2.0,0.0,0.0,0.0,4.0,4.288943009999983,0.755
0.0,0.0,0.0,2.0,2.0,2.0,2.0,2.0,2.0,7.0,2.0,2.0,2.0,2.0,2.0,2.0,0.0,0.0,0.0,4.0,4.288943009999983,0.965
0.0,0.0,0.0,2.0,2.0,2.0,2.0,2.0,2.0,7.0,2.0,2.0,2.0,2.0,2.0,2.0,0.0,0.0,0.0,4.0,4.288943009999983,1.173
0.0,0.0,0.0,2.0,2.0,2.0,2.0,2.0,2.0,7.0,2.0,2.0,2.0,2.0,2.0,2.0,0.0,0.0,0.0,4.0,4.288943009999983,1.383
0.0,0.0,0.0,2.0,2.0,2.0,2.0,2.0,2.0,7.0,2.0,2.0,2.0,2.0,2.0,2.0,0.0,0.0,0.0,4.0,4.288943009999983,1.593
0.0,0.0,0.0,2.0,2.0,2.0,2.0,2.0,2.0,7.0,2.0,2.0,2.0,2.0,2.0,2.0,0.0,0.0,0.0,4.0,4.347704019999995,1.807
0.0,0.0,0.0,2.0,2.0,2.0,2.0,2.0,2.0,7.0,2.0,2.0,2.0,2.0,2.0,2.0,0.0,0.0,0.0,4.0,4.347704019999995,2.013
0.0,0.0,0.0,2.0,2.0,2.0,2.0,2.0,2.0,7.0,2.0,2.0,2.0,2.0,2.0,2.0,0.0,0.0,0.0,4.0,4.318323514999975,2.224
0.0,0.0,0.0,2.0,2.0,2.0,2.0,2.0,2.0,7.0,2.0,2.0,2.0,2.0,2.0,2.0,0.0,0.0,0.0,4.0,4.347704019999995,2.434
0.0,0.0,0.0,2.0,2.0,2.0,2.0,2.0,2.0,7.0,2.0,2.0,2.0,2.0,2.0,2.0,0.0,0.0,0.0,4.0,4.406465029999978,2.644
0.0,0.0,0.0,0.31,8.48,0.0,0.0,0.0,1.72,0.0,24.0,2.37,-128.0,14.0,0.0,0.0,0.0,0.0,0.0,20.097600000000003,4.406465029999978,2.837
0.0,0.0,0.0,0.31,8.48,0.0,0.0,0.0,1.72,0.0,24.0,2.37,-128.0,14.0,0.0,0.0,0.0,0.0,0.0,20.097600000000003,4.406465029999978,3.036
0.0,0.0,0.0,0.86,3.02,0.0,0.0,0.0,4.1,-0.86,24.0,5.34,-128.0,14.0,0.0,0.0,0.0,0.0,0.0,16.1268,4.435845534999984,3.241
0.0,0.0,0.0,0.86,3.02,0.0,0.0,0.0,4.1,-0.86,24.0,5.34,-128.0,14.0,0.0,0.0,0.0,0.0,0.0,16.1268,4.465226039999976,3.436
0.0,0.0,0.0,1.44,11.07,0.0,0.0,0.0,6.48,-1.44,24.0,8.33,-128.0,14.0,0.0,0.0,0.0,0.0,0.0,92.2131,4.435845534999984,3.643
0.0,0.0,0.0,1.44,11.07,0.0,0.0,0.0,6.48,-1.44,24.0,8.33,-128.0,14.0,0.0,0.0,0.0,0.0,0.0,92.2131,4.494606544999982,3.836
0.0,0.0,0.0,1.44,11.07,0.0,0.0,0.0,6.48,-1.44,24.0,8.33,-128.0,14.0,0.0,0.0,0.0,0.0,0.0,92.2131,4.494606544999982,4.036
0.0,0.0,0.0,1.99,1.01,0.0,0.0,0.0,8.87,0.57,24.0,11.29,-128.0,16.0,0.0,0.0,0.0,0.0,0.0,11.402899999999999,4.523987049999974,4.237
0.0,0.0,0.0,1.99,1.01,0.0,0.0,0.0,8.87,0.57,24.0,11.29,-128.0,16.0,0.0,0.0,0.0,0.0,0.0,11.402899999999999,4.494606544999982,4.441
0.0,0.0,0.0,2.16,7.48,0.0,0.0,0.0,9.26,-2.01,24.0,11.57,-128.0,14.0,0.0,0.0,0.0,0.0,0.0,86.54360000000001,4.582748059999986,4.637
0.0,0.0,0.0,2.16,7.48,0.0,0.0,0.0,9.26,-2.01,24.0,11.57,-128.0,14.0,0.0,0.0,0.0,0.0,0.0,86.54360000000001,4.55336755499998,4.836
0.0,0.0,0.0,2.14,10.49,0.0,0.0,0.0,9.26,-4.46,24.0,11.61,-128.0,15.0,0.0,0.0,0.0,0.0,0.0,121.7889,4.55336755499998,5.037
0.0,0.0,0.0,2.14,10.49,0.0,0.0,0.0,9.26,-4.46,24.0,11.61,-128.0,15.0,0.0,0.0,0.0,0.0,0.0,121.7889,4.612128564999992,5.237
0.0,0.0,0.0,2.14,10.49,0.0,0.0,0.0,9.26,-4.46,24.0,11.61,-128.0,15.0,0.0,0.0,0.0,0.0,0.0,121.7889,4.55336755499998,5.441
0.0,0.0,0.0,2.13,8.63,0.0,0.0,0.0,9.27,-0.57,24.0,11.59,-128.0,14.0,0.0,0.0,0.0,0.0,0.0,100.02170000000001,4.55336755499998,5.637
0.0,0.0,0.0,2.13,8.63,0.0,0.0,0.0,9.27,-0.57,24.0,11.59,-128.0,14.0,0.0,0.0,0.0,0.0,0.0,100.02170000000001,4.612128564999992,5.837
0.0,0.0,0.0,2.14,10.78,0.0,0.0,0.0,9.27,1.01,24.0,11.6,-128.0,14.0,0.0,0.0,0.0,0.0,0.0,125.04799999999999,4.641509069999984,6.037
0.0,0.0,0.0,2.14,10.78,0.0,0.0,0.0,9.27,1.01,24.0,11.6,-128.0,14.0,0.0,0.0,0.0,0.0,0.0,125.04799999999999,4.582748059999986,6.242
0.0,0.0,0.0,2.14,3.02,0.0,0.0,0.0,9.28,2.59,24.0,11.53,-128.0,16.0,0.0,0.0,0.0,0.0,0.0,34.8206,4.759031089999979,6.458
0.0,0.0,0.0,2.14,3.02,0.0,0.0,0.0,9.28,2.59,24.0,11.53,-128.0,16.0,0.0,0.0,0.0,0.0,0.0,34.8206,4.847172604999983,6.637
0.0,0.0,0.0,2.16,2.88,0.0,0.0,0.0,9.27,-1.87,24.0,11.54,-128.0,14.0,0.0,0.0,0.0,0.0,0.0,33.2352,4.876553109999989,6.837
0.0,0.0,0.0,2.16,2.88,0.0,0.0,0.0,9.27,-1.87,24.0,11.54,-128.0,14.0,0.0,0.0,0.0,0.0,0.0,33.2352,4.935314119999987,7.042
0.0,0.0,0.0,2.16,2.88,0.0,0.0,0.0,9.27,-1.87,24.0,11.54,-128.0,14.0,0.0,0.0,0.0,0.0,0.0,33.2352,4.99407512999997,7.236
0.0,0.0,0.0,2.12,7.04,0.0,0.0,0.0,9.27,2.73,24.0,11.56,-128.0,15.0,0.0,0.0,0.0,0.0,0.0,81.3824,5.052836139999982,7.437
0.0,0.0,0.0,2.12,7.04,0.0,0.0,0.0,9.27,2.73,24.0,11.56,-128.0,15.0,0.0,0.0,0.0,0.0,0.0,81.3824,5.140977654999986,7.637
0.0,0.0,0.0,2.13,9.06,0.0,0.0,0.0,9.27,1.01,24.0,11.59,-128.0,14.0,0.0,0.0,0.0,0.0,0.0,105.00540000000001,5.199738664999984,7.843
0.0,0.0,0.0,2.13,9.06,0.0,0.0,0.0,9.27,1.01,24.0,11.59,-128.0,14.0,0.0,0.0,0.0,0.0,0.0,105.00540000000001,5.376021694999977,8.037
0.0,0.0,0.0,2.14,2.73,0.0,0.0,0.0,9.25,4.03,24.0,11.66,-128.0,16.0,0.0,0.0,0.0,0.0,0.0,31.8318,5.522924219999979,8.239
0.0,0.0,0.0,2.14,2.73,0.0,0.0,0.0,9.25,4.03,24.0,11.66,-128.0,16.0,0.0,0.0,0.0,0.0,0.0,31.8318,5.522924219999979,0.082
0.0,0.0,0.0,2.14,6.47,0.0,0.0,0.0,9.26,1.01,24.0,11.59,-128.0,14.0,0.0,0.0,0.0,0.0,0.0,74.98729999999999,5.552304724999985,0.289
0.0,0.0,0.0,2.14,6.47,0.0,0.0,0.0,9.26,1.01,24.0,11.59,-128.0,14.0,0.0,0.0,0.0,0.0,0.0,74.98729999999999,5.611065734999983,0.483
0.0,0.0,0.0,2.14,6.47,0.0,0.0,0.0,9.26,1.01,24.0,11.59,-128.0,14.0,0.0,0.0,0.0,0.0,0.0,74.98729999999999,5.699207249999986,0.683
0.0,0.0,0.0,2.21,4.31,0.0,0.0,50.0,9.25,-2.16,0.0,11.43,50.0,12.0,0.0,0.0,0.0,0.0,0.0,49.263299999999994,5.787348764999976,0.884
0.0,0.0,0.0,2.21,4.31,0.0,0.0,50.0,9.25,-2.16,0.0,11.43,50.0,12.0,0.0,0.0,0.0,0.0,0.0,49.263299999999994,5.816729269999982,1.087
0.0,0.0,0.0,2.31,9.92,0.0,0.0,50.0,9.25,0.29,0.0,11.22,50.0,12.0,0.0,0.0,0.0,0.0,0.0,111.3024,5.9636317949999835,1.285
0.0,0.0,0.0,2.31,9.92,0.0,0.0,50.0,9.25,0.29,0.0,11.22,50.0,12.0,0.0,0.0,0.0,0.0,0.0,111.3024,5.9930122999999895,1.482
0.0,0.0,0.0,2.44,2.01,0.0,0.0,50.0,9.24,-0.43,0.0,11.02,50.0,12.0,0.0,0.0,0.0,0.0,0.0,22.150199999999998,6.022392804999981,1.683
0.0,0.0,0.0,2.44,2.01,0.0,0.0,50.0,9.24,-0.43,0.0,11.02,50.0,12.0,0.0,0.0,0.0,0.0,0.0,22.150199999999998,6.081153814999979,1.883
0.0,0.0,0.0,2.53,7.62,0.0,0.0,50.0,9.24,-1.44,0.0,10.86,50.0,13.0,0.0,0.0,0.0,0.0,0.0,82.75319999999999,6.169295329999983,2.084
0.0,0.0,0.0,2.53,7.62,0.0,0.0,50.0,9.24,-1.44,0.0,10.86,50.0,13.0,0.0,0.0,0.0,0.0,0.0,82.75319999999999,6.110534319999985,2.282
0.0,0.0,0.0,2.53,7.62,0.0,0.0,50.0,9.24,-1.44,0.0,10.86,50.0,13.0,0.0,0.0,0.0,0.0,0.0,82.75319999999999,6.228056339999981,2.482
0.0,0.0,0.0,2.54,8.63,0.0,0.0,50.0,9.23,-6.47,0.0,10.8,50.0,12.0,0.0,0.0,0.0,0.0,0.0,93.20400000000001,6.286817349999978,2.689
0.0,0.0,0.0,2.54,8.63,0.0,0.0,50.0,9.23,-6.47,0.0,10.8,50.0,12.0,0.0,0.0,0.0,0.0,0.0,93.20400000000001,6.257436844999987,2.883
0.0,0.0,0.0,2.5,6.61,0.0,0.0,50.0,9.23,5.03,0.0,10.75,50.0,12.0,0.0,0.0,0.0,0.0,0.0,71.0575,6.374958864999982,3.083
0.0,0.0,0.0,2.5,6.61,0.0,0.0,50.0,9.23,5.03,0.0,10.75,50.0,12.0,0.0,0.0,0.0,0.0,0.0,71.0575,6.463100379999986,3.283
0.0,0.0,0.0,2.45,4.03,0.0,0.0,50.0,9.24,-2.73,0.0,10.77,50.0,12.0,0.0,0.0,0.0,0.0,0.0,43.4031,6.492480884999978,3.486
0.0,0.0,0.0,2.45,4.03,0.0,0.0,50.0,9.24,-2.73,0.0,10.77,50.0,12.0,0.0,0.0,0.0,0.0,0.0,43.4031,6.5806223999999816,3.685
0.0,0.0,0.0,2.44,5.32,0.0,0.0,50.0,9.21,-1.29,0.0,10.8,50.0,13.0,0.0,0.0,0.0,0.0,0.0,57.45600000000001,6.786285934999981,3.883
0.0,0.0,0.0,2.44,5.32,0.0,0.0,50.0,9.21,-1.29,0.0,10.8,50.0,13.0,0.0,0.0,0.0,0.0,0.0,57.45600000000001,6.639383409999979,4.082
0.0,0.0,0.0,2.42,11.21,0.0,0.0,50.0,9.22,4.03,0.0,10.82,50.0,13.0,0.0,0.0,0.0,0.0,0.0,121.29220000000001,6.6100029049999875,4.283
0.0,0.0,0.0,2.42,11.21,0.0,0.0,50.0,9.22,4.03,0.0,10.82,50.0,13.0,0.0,0.0,0.0,0.0,0.0,121.29220000000001,6.55124189499999,4.483
0.0,0.0,0.0,2.42,11.21,0.0,0.0,50.0,9.22,4.03,0.0,10.82,50.0,13.0,0.0,0.0,0.0,0.0,0.0,121.29220000000001,6.5806223999999816,4.683
0.0,0.0,0.0,2.46,10.35,0.0,0.0,50.0,9.2,2.88,0.0,10.88,50.0,12.0,0.0,0.0,0.0,0.0,0.0,112.608,6.6100029049999875,4.883
0.0,0.0,0.0,2.46,10.35,0.0,0.0,50.0,9.2,2.88,0.0,10.88,50.0,12.0,0.0,0.0,0.0,0.0,0.0,112.608,6.639383409999979,5.082
0.0,0.0,0.0,2.44,6.76,0.0,0.0,50.0,9.2,-0.72,0.0,10.89,50.0,13.0,0.0,0.0,0.0,0.0,0.0,73.6164,6.698144419999977,5.283
0.0,0.0,0.0,2.44,6.76,0.0,0.0,50.0,9.2,-0.72,0.0,10.89,50.0,13.0,0.0,0.0,0.0,0.0,0.0,73.6164,6.639383409999979,5.483
0.0,0.0,0.0,2.48,9.77,0.0,0.0,50.0,9.21,-0.29,0.0,10.89,50.0,12.0,0.0,0.0,0.0,0.0,0.0,106.3953,6.639383409999979,5.683
0.0,0.0,0.0,2.48,9.77,0.0,0.0,50.0,9.21,-0.29,0.0,10.89,50.0,12.0,0.0,0.0,0.0,0.0,0.0,106.3953,6.55124189499999,5.882
0.0,0.0,0.0,2.47,7.62,0.0,0.0,50.0,9.21,1.01,0.0,10.91,50.0,13.0,0.0,0.0,0.0,0.0,0.0,83.1342,6.5806223999999816,6.083
0.0,0.0,0.0,2.47,7.62,0.0,0.0,50.0,9.21,1.01,0.0,10.91,50.0,13.0,0.0,0.0,0.0,0.0,0.0,83.1342,6.639383409999979,6.282
0.0,0.0,0.0,2.47,7.62,0.0,0.0,50.0,9.21,1.01,0.0,10.91,50.0,13.0,0.0,0.0,0.0,0.0,0.0,83.1342,6.668763914999985,6.482
0.0,0.0,0.0,2.45,1.44,0.0,0.0,50.0,9.21,1.01,0.0,10.92,50.0,12.0,0.0,0.0,0.0,0.0,0.0,15.7248,6.698144419999977,6.683
0.0,0.0,0.0,2.45,1.44,0.0,0.0,50.0,9.21,1.01,0.0,10.92,50.0,12.0,0.0,0.0,0.0,0.0,0.0,15.7248,6.6100029049999875,6.882
0.0,0.0,0.0,2.48,7.62,0.0,0.0,50.0,9.21,-3.59,0.0,10.91,50.0,14.0,0.0,0.0,0.0,0.0,0.0,83.1342,6.6100029049999875,7.083
0.0,0.0,0.0,2.48,7.62,0.0,0.0,50.0,9.21,-3.59,0.0,10.91,50.0,14.0,0.0,0.0,0.0,0.0,0.0,83.1342,6.5806223999999816,7.282
0.0,0.0,0.0,2.46,9.06,0.0,0.0,50.0,9.21,1.01,0.0,10.9,50.0,12.0,0.0,0.0,0.0,0.0,0.0,98.754,6.6100029049999875,7.484
0.0,0.0,0.0,2.46,9.06,0.0,0.0,50.0,9.21,1.01,0.0,10.9,50.0,12.0,0.0,0.0,0.0,0.0,0.0,98.754,6.668763914999985,7.682
0.0,0.0,0.0,2.43,6.04,0.0,0.0,50.0,9.21,3.31,0.0,10.89,50.0,13.0,0.0,0.0,0.0,0.0,0.0,65.7756,6.727524924999983,7.883
0.0,0.0,0.0,2.43,6.04,0.0,0.0,50.0,9.21,3.31,0.0,10.89,50.0,13.0,0.0,0.0,0.0,0.0,0.0,65.7756,6.756905429999975,8.082
0.0,0.0,0.0,2.43,6.04,0.0,0.0,50.0,9.21,3.31,0.0,10.89,50.0,13.0,0.0,0.0,0.0,0.0,0.0,65.7756,6.845046944999979,8.282
0.0,0.0,0.0,2.46,10.49,0.0,0.0,50.0,9.19,-1.73,0.0,10.86,50.0,12.0,0.0,0.0,0.0,0.0,0.0,113.92139999999999,6.9038079549999765,8.487
0.0,0.0,0.0,2.46,10.49,0.0,0.0,50.0,9.19,-1.73,0.0,10.86,50.0,12.0,0.0,0.0,0.0,0.0,0.0,113.92139999999999,6.962568964999974,8.682
0.0,0.0,0.0,2.51,4.6,0.0,0.0,50.0,9.19,-0.29,0.0,10.85,50.0,13.0,0.0,0.0,0.0,0.0,0.0,49.91,6.9331884599999825,8.883
0.0,0.0,0.0,2.51,4.6,0.0,0.0,50.0,9.19,-0.29,0.0,10.85,50.0,13.0,0.0,0.0,0.0,0.0,0.0,49.91,6.9038079549999765,9.082
0.0,0.0,0.0,2.52,5.61,0.0,0.0,50.0,9.18,-2.73,0.0,10.84,50.0,12.0,0.0,0.0,0.0,0.0,0.0,60.812400000000004,6.845046944999979,9.289
0.0,0.0,0.0,2.52,5.61,0.0,0.0,50.0,9.18,-2.73,0.0,10.84,50.0,12.0,0.0,0.0,0.0,0.0,0.0,60.812400000000004,6.874427449999985,9.484
0.0,0.0,0.0,2.55,5.46,0.0,0.0,50.0,9.18,-2.16,0.0,10.81,50.0,13.0,0.0,0.0,0.0,0.0,0.0,59.022600000000004,6.845046944999979,9.683
0.0,0.0,0.0,2.55,5.46,0.0,0.0,50.0,9.18,-2.16,0.0,10.81,50.0,13.0,0.0,0.0,0.0,0.0,0.0,59.022600000000004,6.9038079549999765,9.882
0.0,0.0,0.0,2.55,5.46,0.0,0.0,50.0,9.18,-2.16,0.0,10.81,50.0,13.0,0.0,0.0,0.0,0.0,0.0,59.022600000000004,6.9919494699999944,10.087
0.0,0.0,0.0,2.49,8.63,0.0,0.0,50.0,9.19,2.59,0.0,10.8,50.0,13.0,0.0,0.0,0.0,0.0,0.0,93.20400000000001,7.050710479999992,10.283
0.0,0.0,0.0,2.49,8.63,0.0,0.0,50.0,9.19,2.59,0.0,10.8,50.0,13.0,0.0,0.0,0.0,0.0,0.0,93.20400000000001,7.168232499999974,10.482
0.0,0.0,0.0,2.48,3.31,0.0,0.0,50.0,9.19,-3.45,0.0,10.8,50.0,13.0,0.0,0.0,0.0,0.0,0.0,35.748000000000005,7.168232499999974,10.683
0.0,0.0,0.0,2.48,3.31,0.0,0.0,50.0,9.19,-3.45,0.0,10.8,50.0,13.0,0.0,0.0,0.0,0.0,0.0,35.748000000000005,7.138851994999982,10.887
0.0,0.0,0.0,2.48,7.48,0.0,0.0,50.0,9.2,0.86,0.0,10.84,50.0,12.0,0.0,0.0,0.0,0.0,0.0,81.0832,7.080090984999984,11.083
0.0,0.0,0.0,2.48,7.48,0.0,0.0,50.0,9.2,0.86,0.0,10.84,50.0,12.0,0.0,0.0,0.0,0.0,0.0,81.0832,7.021329974999986,11.283
0.0,0.0,0.0,2.49,5.03,0.0,0.0,50.0,9.2,1.15,0.0,10.85,50.0,12.0,0.0,0.0,0.0,0.0,0.0,54.5755,7.050710479999992,11.484
0.0,0.0,0.0,2.49,5.03,0.0,0.0,50.0,9.2,1.15,0.0,10.85,50.0,12.0,0.0,0.0,0.0,0.0,0.0,54.5755,6.9919494699999944,11.687
0.0,0.0,0.0,2.49,5.03,0.0,0.0,50.0,9.2,1.15,0.0,10.85,50.0,12.0,0.0,0.0,0.0,0.0,0.0,54.5755,7.050710479999992,11.882
0.0,0.0,0.0,2.51,7.04,0.0,0.0,50.0,9.2,-1.73,0.0,10.84,50.0,13.0,0.0,0.0,0.0,0.0,0.0,76.3136,7.021329974999986,12.083
0.0,0.0,0.0,2.51,7.04,0.0,0.0,50.0,9.2,-1.73,0.0,10.84,50.0,13.0,0.0,0.0,0.0,0.0,0.0,76.3136,6.9331884599999825,12.282
0.0,0.0,0.0,2.49,4.74,0.0,0.0,50.0,9.2,-4.89,0.0,10.86,50.0,12.0,0.0,0.0,0.0,0.0,0.0,51.4764,6.874427449999985,12.488
0.0,0.0,0.0,2.49,4.74,0.0,0.0,50.0,9.2,-4.89,0.0,10.86,50.0,12.0,0.0,0.0,0.0,0.0,0.0,51.4764,6.874427449999985,12.682
0.0,0.0,0.0,2.47,1.73,0.0,0.0,50.0,9.2,-4.31,0.0,10.86,50.0,12.0,0.0,0.0,0.0,0.0,0.0,18.787799999999997,6.9331884599999825,12.883
0.0,0.0,0.0,2.47,1.73,0.0,0.0,50.0,9.2,-4.31,0.0,10.86,50.0,12.0,0.0,0.0,0.0,0.0,0.0,18.787799999999997,6.962568964999974,13.083
0.0,0.0,0.0,2.43,10.49,0.0,0.0,50.0,9.18,-1.44,0.0,10.89,50.0,13.0,0.0,0.0,0.0,0.0,0.0,114.23610000000001,6.9919494699999944,13.289
0.0,0.0,0.0,2.43,10.49,0.0,0.0,50.0,9.18,-1.44,0.0,10.89,50.0,13.0,0.0,0.0,0.0,0.0,0.0,114.23610000000001,6.962568964999974,13.483
0.0,0.0,0.0,2.39,6.04,0.0,0.0,50.0,9.18,-7.48,0.0,10.91,50.0,12.0,0.0,0.0,0.0,0.0,0.0,65.8964,6.9919494699999944,13.683
0.0,0.0,0.0,2.39,6.04,0.0,0.0,50.0,9.18,-7.48,0.0,10.91,50.0,12.0,0.0,0.0,0.0,0.0,0.0,65.8964,6.845046944999979,13.882
0.0,0.0,0.0,2.39,6.04,0.0,0.0,50.0,9.18,-7.48,0.0,10.91,50.0,12.0,0.0,0.0,0.0,0.0,0.0,65.8964,6.845046944999979,14.083
0.0,0.0,0.0,2.45,6.18,0.0,0.0,50.0,9.18,-0.72,0.0,10.87,50.0,12.0,0.0,0.0,0.0,0.0,0.0,67.1766,6.845046944999979,14.283
0.0,0.0,0.0,2.45,6.18,0.0,0.0,50.0,9.18,-0.72,0.0,10.87,50.0,12.0,0.0,0.0,0.0,0.0,0.0,67.1766,6.756905429999975,14.482
0.0,0.0,0.0,2.44,10.35,0.0,0.0,50.0,9.18,-0.29,0.0,10.84,50.0,12.0,0.0,0.0,0.0,0.0,0.0,112.19399999999999,6.756905429999975,14.683
0.0,0.0,0.0,2.44,10.35,0.0,0.0,50.0,9.18,-0.29,0.0,10.84,50.0,12.0,0.0,0.0,0.0,0.0,0.0,112.19399999999999,6.815666439999987,14.882
0.0,0.0,0.0,2.5,7.19,0.0,0.0,50.0,9.2,-0.14,0.0,10.85,50.0,13.0,0.0,0.0,0.0,0.0,0.0,78.0115,6.845046944999979,15.083
0.0,0.0,0.0,2.5,7.19,0.0,0.0,50.0,9.2,-0.14,0.0,10.85,50.0,13.0,0.0,0.0,0.0,0.0,0.0,78.0115,6.845046944999979,15.283
0.0,0.0,0.0,2.52,8.77,0.0,0.0,50.0,9.19,-7.19,0.0,10.83,50.0,12.0,0.0,0.0,0.0,0.0,0.0,94.9791,6.874427449999985,15.483
0.0,0.0,0.0,2.52,8.77,0.0,0.0,50.0,9.19,-7.19,0.0,10.83,50.0,12.0,0.0,0.0,0.0,0.0,0.0,94.9791,6.845046944999979,15.688
0.0,0.0,0.0,2.52,8.77,0.0,0.0,50.0,9.19,-7.19,0.0,10.83,50.0,12.0,0.0,0.0,0.0,0.0,0.0,94.9791,6.727524924999983,15.885
0.0,0.0,0.0,2.5,6.47,0.0,0.0,50.0,9.18,2.3,0.0,10.85,50.0,12.0,0.0,0.0,0.0,0.0,0.0,70.1995,6.727524924999983,16.084
0.0,0.0,0.0,2.5,6.47,0.0,0.0,50.0,9.18,2.3,0.0,10.85,50.0,12.0,0.0,0.0,0.0,0.0,0.0,70.1995,6.727524924999983,16.282
0.0,0.0,0.0,2.56,4.6,0.0,0.0,50.0,9.18,1.29,0.0,10.86,50.0,12.0,0.0,0.0,0.0,0.0,0.0,49.955999999999996,6.698144419999977,16.485
0.0,0.0,0.0,2.56,4.6,0.0,0.0,50.0,9.18,1.29,0.0,10.86,50.0,12.0,0.0,0.0,0.0,0.0,0.0,49.955999999999996,6.727524924999983,16.685
0.0,0.0,0.0,2.53,9.49,0.0,0.0,50.0,9.16,1.15,0.0,10.86,50.0,12.0,0.0,0.0,0.0,0.0,0.0,103.06139999999999,6.727524924999983,16.883
0.0,0.0,0.0,2.53,9.49,0.0,0.0,50.0,9.16,1.15,0.0,10.86,50.0,12.0,0.0,0.0,0.0,0.0,0.0,103.06139999999999,6.786285934999981,17.082
0.0,0.0,0.0,2.54,4.89,0.0,0.0,50.0,9.18,0.0,0.0,10.89,50.0,13.0,0.0,0.0,0.0,0.0,0.0,53.2521,6.845046944999979,17.283
0.0,0.0,0.0,2.54,4.89,0.0,0.0,50.0,9.18,0.0,0.0,10.89,50.0,13.0,0.0,0.0,0.0,0.0,0.0,53.2521,6.845046944999979,17.482
0.0,0.0,0.0,2.54,4.89,0.0,0.0,50.0,9.18,0.0,0.0,10.89,50.0,13.0,0.0,0.0,0.0,0.0,0.0,53.2521,6.815666439999987,17.683
0.0,0.0,0.0,2.55,12.36,0.0,0.0,50.0,9.17,-4.17,0.0,10.91,50.0,12.0,0.0,0.0,0.0,0.0,0.0,134.8476,6.786285934999981,17.883
0.0,0.0,0.0,2.55,12.36,0.0,0.0,50.0,9.17,-4.17,0.0,10.91,50.0,12.0,0.0,0.0,0.0,0.0,0.0,134.8476,6.756905429999975,18.083
0.0,0.0,0.0,2.48,11.64,0.0,0.0,50.0,9.19,-1.73,0.0,10.93,50.0,13.0,0.0,0.0,0.0,0.0,0.0,127.2252,6.845046944999979,18.284
0.0,0.0,0.0,2.48,11.64,0.0,0.0,50.0,9.19,-1.73,0.0,10.93,50.0,13.0,0.0,0.0,0.0,0.0,0.0,127.2252,6.874427449999985,18.482
0.0,0.0,0.0,2.5,5.03,0.0,0.0,50.0,9.2,0.86,0.0,10.91,50.0,12.0,0.0,0.0,0.0,0.0,0.0,54.877300000000005,6.845046944999979,18.684
0.0,0.0,0.0,2.5,5.03,0.0,0.0,50.0,9.2,0.86,0.0,10.91,50.0,12.0,0.0,0.0,0.0,0.0,0.0,54.877300000000005,6.845046944999979,18.882
0.0,0.0,0.0,2.46,10.35,0.0,0.0,50.0,9.2,-5.61,0.0,10.88,50.0,13.0,0.0,0.0,0.0,0.0,0.0,112.608,6.815666439999987,19.083
0.0,0.0,0.0,2.46,10.35,0.0,0.0,50.0,9.2,-5.61,0.0,10.88,50.0,13.0,0.0,0.0,0.0,0.0,0.0,112.608,6.786285934999981,19.282
0.0,0.0,0.0,2.46,10.35,0.0,0.0,50.0,9.2,-5.61,0.0,10.88,50.0,13.0,0.0,0.0,0.0,0.0,0.0,112.608,6.786285934999981,19.482
0.0,0.0,0.0,2.45,4.46,0.0,0.0,50.0,9.19,-2.01,0.0,10.9,50.0,12.0,0.0,0.0,0.0,0.0,0.0,48.614000000000004,6.668763914999985,19.683
0.0,0.0,0.0,2.45,4.46,0.0,0.0,50.0,9.19,-2.01,0.0,10.9,50.0,12.0,0.0,0.0,0.0,0.0,0.0,48.614000000000004,6.756905429999975,19.882
0.0,0.0,0.0,2.48,6.32,0.0,0.0,50.0,9.19,-0.14,0.0,10.89,50.0,13.0,0.0,0.0,0.0,0.0,0.0,68.82480000000001,6.756905429999975,20.084
0.0,0.0,0.0,2.48,6.32,0.0,0.0,50.0,9.19,-0.14,0.0,10.89,50.0,13.0,0.0,0.0,0.0,0.0,0.0,68.82480000000001,6.698144419999977,20.283
0.0,0.0,0.0,2.48,4.31,0.0,0.0,50.0,9.2,-1.01,0.0,10.89,50.0,12.0,0.0,0.0,0.0,0.0,0.0,46.9359,6.756905429999975,20.483
0.0,0.0,0.0,2.48,4.31,0.0,0.0,50.0,9.2,-1.01,0.0,10.89,50.0,12.0,0.0,0.0,0.0,0.0,0.0,46.9359,6.727524924999983,20.682
0.0,0.0,0.0,2.52,8.77,0.0,0.0,50.0,9.2,-5.32,0.0,10.86,50.0,12.0,0.0,0.0,0.0,0.0,0.0,95.2422,6.727524924999983,20.883
0.0,0.0,0.0,2.52,8.77,0.0,0.0,50.0,9.2,-5.32,0.0,10.86,50.0,12.0,0.0,0.0,0.0,0.0,0.0,95.2422,6.845046944999979,21.083
0.0,0.0,0.0,2.52,8.77,0.0,0.0,50.0,9.2,-5.32,0.0,10.86,50.0,12.0,0.0,0.0,0.0,0.0,0.0,95.2422,6.874427449999985,21.283
0.0,0.0,0.0,2.54,14.81,0.0,0.0,50.0,9.21,-1.44,0.0,10.84,50.0,12.0,0.0,0.0,0.0,0.0,0.0,160.5404,6.815666439999987,21.489
0.0,0.0,0.0,2.54,14.81,0.0,0.0,50.0,9.21,-1.44,0.0,10.84,50.0,12.0,0.0,0.0,0.0,0.0,0.0,160.5404,6.9038079549999765,21.683
0.0,0.0,0.0,2.51,6.18,0.0,0.0,50.0,9.2,1.15,0.0,10.82,50.0,13.0,0.0,0.0,0.0,0.0,0.0,66.8676,6.845046944999979,21.883
0.0,0.0,0.0,2.51,6.18,0.0,0.0,50.0,9.2,1.15,0.0,10.82,50.0,13.0,0.0,0.0,0.0,0.0,0.0,66.8676,6.756905429999975,22.083
0.0,0.0,0.0,2.57,7.62,0.0,0.0,50.0,9.19,3.74,0.0,10.83,50.0,12.0,0.0,0.0,0.0,0.0,0.0,82.5246,6.756905429999975,22.289
0.0,0.0,0.0,2.57,7.62,0.0,0.0,50.0,9.19,3.74,0.0,10.83,50.0,12.0,0.0,0.0,0.0,0.0,0.0,82.5246,6.698144419999977,22.485
0.0,0.0,0.0,2.59,3.74,0.0,0.0,50.0,9.18,-1.73,0.0,10.84,50.0,13.0,0.0,0.0,0.0,0.0,0.0,40.5416,6.668763914999985,22.683
0.0,0.0,0.0,2.59,3.74,0.0,0.0,50.0,9.18,-1.73,0.0,10.84,50.0,13.0,0.0,0.0,0.0,0.0,0.0,40.5416,6.639383409999979,22.882
0.0,0.0,0.0,2.59,11.36,0.0,0.0,50.0,9.18,-4.31,0.0,10.86,50.0,13.0,0.0,0.0,0.0,0.0,0.0,123.36959999999999,6.6100029049999875,23.088
0.0,0.0,0.0,2.59,11.36,0.0,0.0,50.0,9.18,-4.31,0.0,10.86,50.0,13.0,0.0,0.0,0.0,0.0,0.0,123.36959999999999,6.492480884999978,23.282
0.0,0.0,0.0,2.59,11.36,0.0,0.0,50.0,9.18,-4.31,0.0,10.86,50.0,13.0,0.0,0.0,0.0,0.0,0.0,123.36959999999999,6.43371987499998,23.483
0.0,0.0,0.0,2.57,3.88,0.0,0.0,50.0,9.19,0.72,0.0,10.88,50.0,13.0,0.0,0.0,0.0,0.0,0.0,42.214400000000005,6.43371987499998,23.684
0.0,0.0,0.0,2.57,3.88,0.0,0.0,50.0,9.19,0.72,0.0,10.88,50.0,13.0,0.0,0.0,0.0,0.0,0.0,42.214400000000005,6.374958864999982,23.887
0.0,0.0,0.0,2.46,7.33,0.0,0.0,50.0,9.19,2.16,0.0,10.9,50.0,12.0,0.0,0.0,0.0,0.0,0.0,79.897,6.43371987499998,24.084
0.0,0.0,0.0,2.46,7.33,0.0,0.0,50.0,9.19,2.16,0.0,10.9,50.0,12.0,0.0,0.0,0.0,0.0,0.0,79.897,6.374958864999982,24.283
0.0,0.0,0.0,2.39,7.91,0.0,0.0,50.0,9.2,-2.44,0.0,10.88,50.0,13.0,0.0,0.0,0.0,0.0,0.0,86.06080000000001,6.374958864999982,24.483
0.0,0.0,0.0,2.39,7.91,0.0,0.0,50.0,9.2,-2.44,0.0,10.88,50.0,13.0,0.0,0.0,0.0,0.0,0.0,86.06080000000001,6.374958864999982,24.687
0.0,0.0,0.0,2.34,4.46,0.0,0.0,50.0,9.19,-3.45,0.0,10.86,50.0,12.0,0.0,0.0,0.0,0.0,0.0,48.435599999999994,6.286817349999978,24.884
0.0,0.0,0.0,2.34,4.46,0.0,0.0,50.0,9.19,-3.45,0.0,10.86,50.0,12.0,0.0,0.0,0.0,0.0,0.0,48.435599999999994,6.31619785499997,25.082
0.0,0.0,0.0,2.34,4.46,0.0,0.0,50.0,9.19,-3.45,0.0,10.86,50.0,12.0,0.0,0.0,0.0,0.0,0.0,48.435599999999994,6.31619785499997,25.282
0.0,0.0,0.0,2.28,9.63,0.0,0.0,50.0,9.19,-4.03,0.0,10.86,50.0,13.0,0.0,0.0,0.0,0.0,0.0,104.5818,6.286817349999978,25.488
0.0,0.0,0.0,2.28,9.63,0.0,0.0,50.0,9.19,-4.03,0.0,10.86,50.0,13.0,0.0,0.0,0.0,0.0,0.0,104.5818,6.374958864999982,25.684
0.0,0.0,0.0,2.26,11.36,0.0,0.0,50.0,9.17,-4.89,0.0,10.86,50.0,12.0,0.0,0.0,0.0,0.0,0.0,123.36959999999999,6.286817349999978,25.883
0.0,0.0,0.0,2.26,11.36,0.0,0.0,50.0,9.17,-4.89,0.0,10.86,50.0,12.0,0.0,0.0,0.0,0.0,0.0,123.36959999999999,6.257436844999987,26.082
0.0,0.0,0.0,2.24,8.34,0.0,0.0,50.0,9.16,-0.43,0.0,10.88,50.0,13.0,0.0,0.0,0.0,0.0,0.0,90.73920000000001,6.286817349999978,26.289
0.0,0.0,0.0,2.24,8.34,0.0,0.0,50.0,9.16,-0.43,0.0,10.88,50.0,13.0,0.0,0.0,0.0,0.0,0.0,90.73920000000001,6.257436844999987,26.482
0.0,0.0,0.0,2.18,7.48,0.0,0.0,50.0,9.17,-3.74,0.0,10.87,50.0,12.0,0.0,0.0,0.0,0.0,0.0,81.3076,6.198675834999989,26.684
0.0,0.0,0.0,2.18,7.48,0.0,0.0,50.0,9.17,-3.74,0.0,10.87,50.0,12.0,0.0,0.0,0.0,0.0,0.0,81.3076,6.228056339999981,26.882
0.0,0.0,0.0,2.18,7.48,0.0,0.0,50.0,9.17,-3.74,0.0,10.87,50.0,12.0,0.0,0.0,0.0,0.0,0.0,81.3076,6.139914824999991,27.087
0.0,0.0,0.0,2.21,9.63,0.0,0.0,50.0,9.17,-5.18,0.0,10.89,50.0,13.0,0.0,0.0,0.0,0.0,0.0,104.87070000000001,6.169295329999983,27.286
0.0,0.0,0.0,2.21,9.63,0.0,0.0,50.0,9.17,-5.18,0.0,10.89,50.0,13.0,0.0,0.0,0.0,0.0,0.0,104.87070000000001,6.169295329999983,27.482
0.0,0.0,0.0,2.19,6.32,0.0,0.0,50.0,9.2,2.01,0.0,10.89,50.0,12.0,0.0,0.0,0.0,0.0,0.0,68.82480000000001,6.081153814999979,27.683
0.0,0.0,0.0,2.19,6.32,0.0,0.0,50.0,9.2,2.01,0.0,10.89,50.0,12.0,0.0,0.0,0.0,0.0,0.0,68.82480000000001,6.139914824999991,27.884
0.0,0.0,0.0,2.17,4.89,0.0,0.0,50.0,9.2,2.59,0.0,10.84,50.0,14.0,0.0,0.0,0.0,0.0,0.0,53.0076,6.257436844999987,28.083
0.0,0.0,0.0,2.17,4.89,0.0,0.0,50.0,9.2,2.59,0.0,10.84,50.0,14.0,0.0,0.0,0.0,0.0,0.0,53.0076,6.228056339999981,28.283
0.0,0.0,0.0,2.19,8.63,0.0,0.0,50.0,9.2,-5.46,0.0,10.84,50.0,12.0,0.0,0.0,0.0,0.0,0.0,93.54920000000001,6.257436844999987,28.483
0.0,0.0,0.0,2.19,8.63,0.0,0.0,50.0,9.2,-5.46,0.0,10.84,50.0,12.0,0.0,0.0,0.0,0.0,0.0,93.54920000000001,6.257436844999987,28.685
0.0,0.0,0.0,2.19,8.63,0.0,0.0,50.0,9.2,-5.46,0.0,10.84,50.0,12.0,0.0,0.0,0.0,0.0,0.0,93.54920000000001,6.286817349999978,28.885
0.0,0.0,0.0,2.11,2.73,0.0,0.0,50.0,9.18,3.31,0.0,10.84,50.0,13.0,0.0,0.0,0.0,0.0,0.0,29.5932,6.31619785499997,29.084
0.0,0.0,0.0,2.11,2.73,0.0,0.0,50.0,9.18,3.31,0.0,10.84,50.0,13.0,0.0,0.0,0.0,0.0,0.0,29.5932,6.374958864999982,29.282
0.0,0.0,0.0,2.07,4.74,0.0,0.0,50.0,9.17,0.0,0.0,10.86,50.0,12.0,0.0,0.0,0.0,0.0,0.0,51.4764,6.404339369999988,29.484
0.0,0.0,0.0,2.07,4.74,0.0,0.0,50.0,9.17,0.0,0.0,10.86,50.0,12.0,0.0,0.0,0.0,0.0,0.0,51.4764,6.43371987499998,29.683
0.0,0.0,0.0,2.0,7.76,0.0,0.0,50.0,9.16,-0.72,0.0,10.9,50.0,14.0,0.0,0.0,0.0,0.0,0.0,84.584,6.521861389999984,29.883
0.0,0.0,0.0,2.0,7.76,0.0,0.0,50.0,9.16,-0.72,0.0,10.9,50.0,14.0,0.0,0.0,0.0,0.0,0.0,84.584,6.5806223999999816,30.082
0.0,0.0,0.0,2.0,2.73,0.0,0.0,50.0,9.14,-2.88,0.0,10.92,50.0,12.0,0.0,0.0,0.0,0.0,0.0,29.8116,6.5806223999999816,30.284
0.0,0.0,0.0,2.0,2.73,0.0,0.0,50.0,9.14,-2.88,0.0,10.92,50.0,12.0,0.0,0.0,0.0,0.0,0.0,29.8116,6.6100029049999875,30.482
0.0,0.0,0.0,2.0,2.73,0.0,0.0,50.0,9.14,-2.88,0.0,10.92,50.0,12.0,0.0,0.0,0.0,0.0,0.0,29.8116,6.6100029049999875,30.683
0.0,0.0,0.0,2.0,8.48,0.0,0.0,50.0,9.15,-1.01,0.0,10.87,50.0,13.0,0.0,0.0,0.0,0.0,0.0,92.1776,6.668763914999985,30.884
0.0,0.0,0.0,2.0,8.48,0.0,0.0,50.0,9.15,-1.01,0.0,10.87,50.0,13.0,0.0,0.0,0.0,0.0,0.0,92.1776,6.639383409999979,31.083
0.0,0.0,0.0,1.99,6.32,0.0,0.0,50.0,9.15,-2.3,0.0,10.86,50.0,13.0,0.0,0.0,0.0,0.0,0.0,68.6352,6.5806223999999816,31.284
0.0,0.0,0.0,1.99,6.32,0.0,0.0,50.0,9.15,-2.3,0.0,10.86,50.0,13.0,0.0,0.0,0.0,0.0,0.0,68.6352,6.55124189499999,31.483
0.0,0.0,0.0,1.99,4.03,0.0,0.0,50.0,9.18,-4.6,0.0,10.86,50.0,13.0,0.0,0.0,0.0,0.0,0.0,43.7658,6.6100029049999875,31.683
0.0,0.0,100.0,1.99,4.03,0.0,0.0,50.0,9.18,-4.6,0.0,10.86,50.0,13.0,0.0,0.0,0.0,0.0,0.0,43.7658,6.727524924999983,31.882
0.0,0.0,100.0,1.97,6.32,0.0,0.0,50.0,9.19,1.44,0.0,10.87,50.0,12.0,0.0,0.0,0.0,0.0,0.0,68.69839999999999,6.786285934999981,32.083
0.0,0.0,100.0,1.97,6.32,0.0,0.0,50.0,9.19,1.44,0.0,10.87,50.0,12.0,0.0,0.0,0.0,0.0,0.0,68.69839999999999,6.786285934999981,32.282
0.0,0.0,100.0,1.97,6.32,0.0,0.0,50.0,9.19,1.44,0.0,10.87,50.0,12.0,0.0,0.0,0.0,0.0,0.0,68.69839999999999,6.727524924999983,32.482
0.0,0.0,100.0,1.94,408.97,0.0,0.0,50.0,9.26,-2.3,0.0,10.81,50.0,13.0,0.0,0.0,0.0,0.0,0.0,4420.965700000001,6.756905429999975,32.689
0.0,0.0,100.0,1.94,408.97,0.0,0.0,50.0,9.26,-2.3,0.0,10.81,50.0,13.0,0.0,0.0,0.0,0.0,0.0,4420.965700000001,6.756905429999975,32.882
0.0,0.0,100.0,1.99,411.7,0.0,0.0,50.0,9.33,-3.02,0.0,10.74,50.0,12.0,0.0,0.0,0.0,0.0,0.0,4421.658,6.756905429999975,33.084
0.0,0.0,100.0,1.99,411.7,0.0,0.0,50.0,9.33,-3.02,0.0,10.74,50.0,12.0,0.0,0.0,0.0,0.0,0.0,4421.658,6.786285934999981,33.282
0.0,0.0,100.0,2.03,412.13,0.0,0.0,50.0,9.39,-3.88,0.0,10.62,50.0,13.0,0.0,0.0,0.0,0.0,0.0,4376.8206,6.756905429999975,33.489
0.0,0.0,100.0,2.03,412.13,0.0,0.0,50.0,9.39,-3.88,0.0,10.62,50.0,13.0,0.0,0.0,0.0,0.0,0.0,4376.8206,6.756905429999975,33.682
0.0,0.0,100.0,2.16,410.12,0.0,0.0,50.0,9.47,0.0,0.0,10.54,50.0,13.0,0.0,0.0,0.0,0.0,0.0,4322.6648,6.756905429999975,33.883
0.0,0.0,100.0,2.16,410.12,0.0,0.0,50.0,9.47,0.0,0.0,10.54,50.0,13.0,0.0,0.0,0.0,0.0,0.0,4322.6648,6.698144419999977,34.082
0.0,0.0,100.0,2.16,410.12,0.0,0.0,50.0,9.47,0.0,0.0,10.54,50.0,13.0,0.0,0.0,0.0,0.0,0.0,4322.6648,6.727524924999983,34.287
0.0,0.0,100.0,2.24,412.71,0.0,0.0,50.0,9.46,-0.86,0.0,10.52,50.0,12.0,0.0,0.0,0.0,0.0,0.0,4341.709199999999,6.639383409999979,34.484
0.0,0.0,100.0,2.24,412.71,0.0,0.0,50.0,9.46,-0.86,0.0,10.52,50.0,12.0,0.0,0.0,0.0,0.0,0.0,4341.709199999999,6.5806223999999816,34.683
0.0,0.0,100.0,2.3,413.57,0.0,0.0,50.0,9.46,-6.32,0.0,10.47,50.0,12.0,0.0,0.0,0.0,0.0,0.0,4330.0779,6.5806223999999816,34.883
0.0,0.0,100.0,2.3,413.57,0.0,0.0,50.0,9.46,-6.32,0.0,10.47,50.0,12.0,0.0,0.0,0.0,0.0,0.0,4330.0779,6.521861389999984,35.087
0.0,0.0,100.0,2.34,412.27,0.0,0.0,50.0,9.46,-3.45,0.0,10.49,50.0,13.0,0.0,0.0,0.0,0.0,0.0,4324.7123,6.521861389999984,35.283
0.0,0.0,100.0,2.34,412.27,0.0,0.0,50.0,9.46,-3.45,0.0,10.49,50.0,13.0,0.0,0.0,0.0,0.0,0.0,4324.7123,6.5806223999999816,35.483
0.0,0.0,100.0,2.36,409.98,0.0,0.0,50.0,9.45,-3.59,0.0,10.49,50.0,12.0,0.0,0.0,0.0,0.0,0.0,4300.6902,6.492480884999978,35.683
0.0,0.0,100.0,2.36,409.98,0.0,0.0,50.0,9.45,-3.59,0.0,10.49,50.0,12.0,0.0,0.0,0.0,0.0,0.0,4300.6902,6.43371987499998,35.887
0.0,0.0,100.0,2.36,409.98,0.0,0.0,50.0,9.45,-3.59,0.0,10.49,50.0,12.0,0.0,0.0,0.0,0.0,0.0,4300.6902,6.404339369999988,36.083
0.0,0.0,100.0,2.41,412.56,0.0,0.0,50.0,9.46,1.58,0.0,10.51,50.0,12.0,0.0,0.0,0.0,0.0,0.0,4336.0055999999995,6.43371987499998,36.283
0.0,0.0,100.0,2.41,412.56,0.0,0.0,50.0,9.46,1.58,0.0,10.51,50.0,12.0,0.0,0.0,0.0,0.0,0.0,4336.0055999999995,6.492480884999978,36.483
0.0,0.0,100.0,2.49,407.53,0.0,0.0,50.0,9.45,-2.16,0.0,10.51,50.0,13.0,0.0,0.0,0.0,0.0,0.0,4283.1403,6.492480884999978,36.689
0.0,0.0,100.0,2.49,407.53,0.0,0.0,50.0,9.45,-2.16,0.0,10.51,50.0,13.0,0.0,0.0,0.0,0.0,0.0,4283.1403,6.521861389999984,36.882
0.0,0.0,100.0,2.51,414.29,0.0,0.0,50.0,9.43,-2.44,0.0,10.51,50.0,12.0,0.0,0.0,0.0,0.0,0.0,4354.1879,6.521861389999984,37.083
0.0,0.0,100.0,2.51,414.29,0.0,0.0,50.0,9.43,-2.44,0.0,10.51,50.0,12.0,0.0,0.0,0.0,0.0,0.0,4354.1879,6.6100029049999875,37.282
0.0,0.0,100.0,2.51,414.29,0.0,0.0,50.0,9.43,-2.44,0.0,10.51,50.0,12.0,0.0,0.0,0.0,0.0,0.0,4354.1879,6.727524924999983,37.487
0.0,0.0,100.0,2.5,409.11,0.0,0.0,50.0,9.43,-9.2,0.0,10.52,50.0,12.0,0.0,0.0,0.0,0.0,0.0,4303.8372,6.6100029049999875,37.683
0.0,0.0,100.0,2.5,409.11,0.0,0.0,50.0,9.43,-9.2,0.0,10.52,50.0,12.0,0.0,0.0,0.0,0.0,0.0,4303.8372,6.5806223999999816,37.882
0.0,0.0,100.0,2.39,411.84,0.0,0.0,50.0,9.43,-2.01,0.0,10.46,50.0,13.0,0.0,0.0,0.0,0.0,0.0,4307.8464,6.5806223999999816,38.084
0.0,0.0,100.0,2.39,411.84,0.0,0.0,50.0,9.43,-2.01,0.0,10.46,50.0,13.0,0.0,0.0,0.0,0.0,0.0,4307.8464,6.492480884999978,38.288
0.0,0.0,100.0,2.22,411.7,0.0,0.0,50.0,9.43,-3.74,0.0,10.49,50.0,12.0,0.0,0.0,0.0,0.0,0.0,4318.733,6.521861389999984,38.486
0.0,0.0,100.0,2.22,411.7,0.0,0.0,50.0,9.43,-3.74,0.0,10.49,50.0,12.0,0.0,0.0,0.0,0.0,0.0,4318.733,6.521861389999984,38.682
0.0,0.0,100.0,2.11,409.54,0.0,0.0,50.0,9.44,-4.31,0.0,10.49,50.0,13.0,0.0,0.0,0.0,0.0,0.0,4296.0746,6.55124189499999,38.884
0.0,0.0,100.0,2.11,409.54,0.0,0.0,50.0,9.44,-4.31,0.0,10.49,50.0,13.0,0.0,0.0,0.0,0.0,0.0,4296.0746,6.6100029049999875,39.087
0.0,0.0,100.0,2.11,409.54,0.0,0.0,50.0,9.44,-4.31,0.0,10.49,50.0,13.0,0.0,0.0,0.0,0.0,0.0,4296.0746,6.5806223999999816,39.283
0.0,0.0,100.0,1.99,414.29,0.0,0.0,50.0,9.43,-6.76,0.0,10.48,50.0,13.0,0.0,0.0,0.0,0.0,0.0,4341.7592,6.6100029049999875,39.483
0.0,0.0,100.0,1.99,414.29,0.0,0.0,50.0,9.43,-6.76,0.0,10.48,50.0,13.0,0.0,0.0,0.0,0.0,0.0,4341.7592,6.639383409999979,39.683
0.0,0.0,100.0,1.96,412.99,0.0,0.0,50.0,9.42,-4.89,0.0,10.55,50.0,12.0,0.0,0.0,0.0,0.0,0.0,4357.0445,6.6100029049999875,39.889
0.0,0.0,100.0,1.96,412.99,0.0,0.0,50.0,9.42,-4.89,0.0,10.55,50.0,12.0,0.0,0.0,0.0,0.0,0.0,4357.0445,6.639383409999979,40.083
0.0,0.0,100.0,1.94,412.85,0.0,0.0,50.0,9.42,-2.59,0.0,10.51,50.0,12.0,0.0,0.0,0.0,0.0,0.0,4339.0535,6.639383409999979,40.284
0.0,0.0,100.0,1.94,412.85,0.0,0.0,50.0,9.42,-2.59,0.0,10.51,50.0,12.0,0.0,0.0,0.0,0.0,0.0,4339.0535,6.698144419999977,40.483
0.0,0.0,100.0,1.94,412.85,0.0,0.0,50.0,9.42,-2.59,0.0,10.51,50.0,12.0,0.0,0.0,0.0,0.0,0.0,4339.0535,6.756905429999975,40.685
0.0,0.0,100.0,1.94,419.03,0.0,0.0,50.0,9.4,-1.15,0.0,10.56,50.0,13.0,0.0,0.0,0.0,0.0,0.0,4424.9568,6.786285934999981,40.884
0.0,0.0,100.0,1.94,419.03,0.0,0.0,50.0,9.4,-1.15,0.0,10.56,50.0,13.0,0.0,0.0,0.0,0.0,0.0,4424.9568,6.845046944999979,41.082
0.0,0.0,100.0,1.94,417.45,0.0,0.0,50.0,9.41,-1.58,0.0,10.62,50.0,12.0,0.0,0.0,0.0,0.0,0.0,4433.3189999999995,6.845046944999979,41.283
0.0,0.0,100.0,1.94,417.45,0.0,0.0,50.0,9.41,-1.58,0.0,10.62,50.0,12.0,0.0,0.0,0.0,0.0,0.0,4433.3189999999995,6.756905429999975,41.484
0.0,0.0,100.0,1.95,420.9,0.0,0.0,50.0,9.42,-4.6,0.0,10.59,50.0,13.0,0.0,0.0,0.0,0.0,0.0,4457.331,6.698144419999977,41.683
0.0,0.0,100.0,1.95,420.9,0.0,0.0,50.0,9.42,-4.6,0.0,10.59,50.0,13.0,0.0,0.0,0.0,0.0,0.0,4457.331,6.815666439999987,41.882
0.0,0.0,100.0,1.96,422.48,0.0,0.0,50.0,9.42,-7.04,0.0,10.58,50.0,14.0,0.0,0.0,0.0,0.0,0.0,4469.838400000001,6.815666439999987,42.083
0.0,0.0,100.0,1.96,422.48,0.0,0.0,50.0,9.42,-7.04,0.0,10.58,50.0,14.0,0.0,0.0,0.0,0.0,0.0,4469.838400000001,6.845046944999979,42.283
0.0,0.0,100.0,1.96,422.48,0.0,0.0,50.0,9.42,-7.04,0.0,10.58,50.0,14.0,0.0,0.0,0.0,0.0,0.0,4469.838400000001,6.786285934999981,42.483
0.0,0.0,100.0,1.96,417.31,0.0,0.0,50.0,9.43,-2.73,0.0,10.61,50.0,12.0,0.0,0.0,0.0,0.0,0.0,4427.6591,6.727524924999983,42.683
0.0,0.0,100.0,1.96,417.31,0.0,0.0,50.0,9.43,-2.73,0.0,10.61,50.0,12.0,0.0,0.0,0.0,0.0,0.0,4427.6591,6.668763914999985,42.882
0.0,0.0,100.0,1.99,420.47,0.0,0.0,50.0,9.42,-6.18,0.0,10.58,50.0,12.0,0.0,0.0,0.0,0.0,0.0,4448.5726,6.668763914999985,43.083
0.0,0.0,100.0,1.99,420.47,0.0,0.0,50.0,9.42,-6.18,0.0,10.58,50.0,12.0,0.0,0.0,0.0,0.0,0.0,4448.5726,6.6100029049999875,43.283
0.0,0.0,100.0,2.02,411.13,0.0,0.0,50.0,9.42,-4.6,0.0,10.6,50.0,13.0,0.0,0.0,0.0,0.0,0.0,4357.978,6.55124189499999,43.483
0.0,0.0,100.0,2.02,411.13,0.0,0.0,50.0,9.42,-4.6,0.0,10.6,50.0,13.0,0.0,0.0,0.0,0.0,0.0,4357.978,6.6100029049999875,43.682
0.0,0.0,100.0,2.02,411.13,0.0,0.0,50.0,9.42,-4.6,0.0,10.6,50.0,13.0,0.0,0.0,0.0,0.0,0.0,4357.978,6.6100029049999875,43.882
0.0,0.0,100.0,2.04,421.04,0.0,0.0,50.0,9.41,-2.59,0.0,10.64,50.0,12.0,0.0,0.0,0.0,0.0,0.0,4479.8656,6.5806223999999816,44.083
0.0,0.0,100.0,2.04,421.04,0.0,0.0,50.0,9.41,-2.59,0.0,10.64,50.0,12.0,0.0,0.0,0.0,0.0,0.0,4479.8656,6.639383409999979,44.283
0.0,0.0,100.0,2.06,423.2,0.0,0.0,50.0,9.41,4.6,0.0,10.6,50.0,12.0,0.0,0.0,0.0,0.0,0.0,4485.92,6.668763914999985,44.483
0.0,0.0,100.0,2.06,423.2,0.0,0.0,50.0,9.41,4.6,0.0,10.6,50.0,12.0,0.0,0.0,0.0,0.0,0.0,4485.92,6.727524924999983,44.683
0.0,0.0,100.0,2.05,421.19,0.0,0.0,50.0,8.76,23.29,0.0,10.56,50.0,14.0,0.0,0.0,0.0,0.0,0.0,4447.7664,6.639383409999979,44.883
0.0,0.0,100.0,2.05,421.19,0.0,0.0,50.0,8.76,23.29,0.0,10.56,50.0,14.0,0.0,0.0,0.0,0.0,0.0,4447.7664,6.55124189499999,45.083
0.0,0.0,100.0,2.07,424.35,0.0,0.0,50.0,7.05,0.29,0.0,10.59,50.0,12.0,0.0,0.0,0.0,0.0,0.0,4493.8665,6.55124189499999,45.283
0.0,0.0,100.0,2.07,424.35,0.0,0.0,50.0,7.05,0.29,0.0,10.59,50.0,12.0,0.0,0.0,0.0,0.0,0.0,4493.8665,6.492480884999978,45.483
0.0,0.0,100.0,2.07,424.35,0.0,0.0,50.0,7.05,0.29,0.0,10.59,50.0,12.0,0.0,0.0,0.0,0.0,0.0,4493.8665,6.5806223999999816,45.682
0.0,0.0,100.0,2.07,414.43,0.0,0.0,50.0,5.22,2.44,0.0,10.53,50.0,12.0,0.0,0.0,0.0,0.0,0.0,4363.9479,6.668763914999985,45.883
0.0,0.0,100.0,2.07,414.43,0.0,0.0,50.0,5.22,2.44,0.0,10.53,50.0,12.0,0.0,0.0,0.0,0.0,0.0,4363.9479,6.668763914999985,46.082
0.0,0.0,100.0,2.1,415.87,0.0,0.0,50.0,3.37,-2.3,0.0,10.49,50.0,13.0,0.0,0.0,0.0,0.0,0.0,4362.4763,6.639383409999979,46.283
0.0,0.0,100.0,2.1,415.87,0.0,0.0,50.0,3.37,-2.3,0.0,10.49,50.0,13.0,0.0,0.0,0.0,0.0,0.0,4362.4763,6.727524924999983,46.487
0.0,0.0,100.0,2.11,423.77,0.0,0.0,50.0,2.34,-0.86,0.0,10.52,50.0,12.0,0.0,0.0,0.0,0.0,0.0,4458.060399999999,6.756905429999975,46.683
0.0,0.0,100.0,2.11,423.77,0.0,0.0,50.0,2.34,-0.86,0.0,10.52,50.0,12.0,0.0,0.0,0.0,0.0,0.0,4458.060399999999,6.727524924999983,46.883
0.0,0.0,100.0,2.12,417.31,0.0,0.0,50.0,2.21,-3.02,0.0,10.49,50.0,12.0,0.0,0.0,0.0,0.0,0.0,4377.5819,6.668763914999985,47.083
0.0,0.0,100.0,2.12,417.31,0.0,0.0,50.0,2.21,-3.02,0.0,10.49,50.0,12.0,0.0,0.0,0.0,0.0,0.0,4377.5819,6.639383409999979,47.287
0.0,0.0,100.0,2.12,417.31,0.0,0.0,50.0,2.21,-3.02,0.0,10.49,50.0,12.0,0.0,0.0,0.0,0.0,0.0,4377.5819,6.668763914999985,47.484
0.0,0.0,100.0,2.18,419.46,0.0,0.0,50.0,2.2,-5.03,0.0,10.48,50.0,14.0,0.0,0.0,0.0,0.0,0.0,4395.9408,6.815666439999987,47.683
0.0,0.0,100.0,2.18,419.46,0.0,0.0,50.0,2.2,-5.03,0.0,10.48,50.0,14.0,0.0,0.0,0.0,0.0,0.0,4395.9408,6.698144419999977,47.882
0.0,0.0,100.0,2.16,422.34,0.0,0.0,50.0,2.21,-0.86,0.0,10.56,50.0,12.0,0.0,0.0,0.0,0.0,0.0,4459.9104,6.639383409999979,48.089
0.0,0.0,100.0,2.16,422.34,0.0,0.0,50.0,2.21,-0.86,0.0,10.56,50.0,12.0,0.0,0.0,0.0,0.0,0.0,4459.9104,6.6100029049999875,48.283
0.0,0.0,100.0,2.16,412.71,0.0,0.0,50.0,2.23,2.59,0.0,10.52,50.0,12.0,0.0,0.0,0.0,0.0,0.0,4341.709199999999,6.5806223999999816,48.483
0.0,0.0,100.0,2.16,412.71,0.0,0.0,50.0,2.23,2.59,0.0,10.52,50.0,12.0,0.0,0.0,0.0,0.0,0.0,4341.709199999999,6.639383409999979,48.683
0.0,0.0,100.0,2.16,412.71,0.0,0.0,50.0,2.23,2.59,0.0,10.52,50.0,12.0,0.0,0.0,0.0,0.0,0.0,4341.709199999999,6.668763914999985,48.887
0.0,0.0,100.0,2.19,413.28,0.0,0.0,50.0,2.25,-3.31,0.0,10.46,50.0,13.0,0.0,0.0,0.0,0.0,0.0,4322.9088,6.698144419999977,49.085
0.0,0.0,100.0,2.19,413.28,0.0,0.0,50.0,2.25,-3.31,0.0,10.46,50.0,13.0,0.0,0.0,0.0,0.0,0.0,4322.9088,6.668763914999985,49.283
0.0,0.0,100.0,2.24,412.42,0.0,0.0,50.0,2.26,-0.86,0.0,10.46,50.0,12.0,0.0,0.0,0.0,0.0,0.0,4313.913200000001,6.639383409999979,49.483
0.0,0.0,100.0,2.24,412.42,0.0,0.0,50.0,2.26,-0.86,0.0,10.46,50.0,12.0,0.0,0.0,0.0,0.0,0.0,4313.913200000001,6.639383409999979,49.687
0.0,0.0,100.0,2.34,416.01,0.0,0.0,50.0,2.27,-1.73,0.0,10.39,50.0,13.0,0.0,0.0,0.0,0.0,0.0,4322.3439,6.6100029049999875,49.885
0.0,0.0,100.0,2.34,416.01,0.0,0.0,50.0,2.27,-1.73,0.0,10.39,50.0,13.0,0.0,0.0,0.0,0.0,0.0,4322.3439,6.5806223999999816,50.082
0.0,0.0,100.0,2.39,417.31,0.0,0.0,50.0,2.27,-2.16,0.0,10.43,50.0,14.0,0.0,0.0,0.0,0.0,0.0,4352.5433,6.6100029049999875,50.283
0.0,0.0,100.0,2.39,417.31,0.0,0.0,50.0,2.27,-2.16,0.0,10.43,50.0,14.0,0.0,0.0,0.0,0.0,0.0,4352.5433,6.6100029049999875,50.487
0.0,0.0,100.0,2.39,417.31,0.0,0.0,50.0,2.27,-2.16,0.0,10.43,50.0,14.0,0.0,0.0,0.0,0.0,0.0,4352.5433,6.6100029049999875,50.682
0.0,0.0,100.0,2.45,420.61,0.0,0.0,50.0,2.28,-5.46,0.0,10.43,50.0,12.0,0.0,0.0,0.0,0.0,0.0,4386.9623,6.5806223999999816,50.883
0.0,0.0,100.0,2.45,420.61,0.0,0.0,50.0,2.28,-5.46,0.0,10.43,50.0,12.0,0.0,0.0,0.0,0.0,0.0,4386.9623,6.639383409999979,51.083
0.0,0.0,100.0,2.47,414.86,0.0,0.0,50.0,2.28,-2.88,0.0,10.46,50.0,12.0,0.0,0.0,0.0,0.0,0.0,4339.435600000001,6.639383409999979,51.288
0.0,0.0,100.0,2.47,414.86,0.0,0.0,50.0,2.28,-2.88,0.0,10.46,50.0,12.0,0.0,0.0,0.0,0.0,0.0,4339.435600000001,6.639383409999979,51.482
0.0,0.0,100.0,2.49,418.17,0.0,0.0,50.0,2.29,2.16,0.0,10.49,50.0,13.0,0.0,0.0,0.0,0.0,0.0,4386.603300000001,6.492480884999978,51.683
0.0,0.0,100.0,2.49,418.17,0.0,0.0,50.0,2.29,2.16,0.0,10.49,50.0,13.0,0.0,0.0,0.0,0.0,0.0,4386.603300000001,6.43371987499998,51.883
0.0,0.0,100.0,2.53,415.87,0.0,0.0,50.0,2.29,-0.72,0.0,10.46,50.0,12.0,0.0,0.0,0.0,0.0,0.0,4350.0002,6.43371987499998,52.089
0.0,0.0,100.0,2.53,415.87,0.0,0.0,50.0,2.29,-0.72,0.0,10.46,50.0,12.0,0.0,0.0,0.0,0.0,0.0,4350.0002,6.374958864999982,52.283
0.0,0.0,100.0,2.53,415.87,0.0,0.0,50.0,2.29,-0.72,0.0,10.46,50.0,12.0,0.0,0.0,0.0,0.0,0.0,4350.0002,6.31619785499997,52.482
0.0,0.0,100.0,2.49,412.71,0.0,0.0,50.0,2.29,-3.31,0.0,10.49,50.0,12.0,0.0,0.0,0.0,0.0,0.0,4329.3279,6.257436844999987,52.683
0.0,0.0,100.0,2.49,412.71,0.0,0.0,50.0,2.29,-3.31,0.0,10.49,50.0,12.0,0.0,0.0,0.0,0.0,0.0,4329.3279,6.286817349999978,52.884
0.0,0.0,100.0,2.51,419.89,0.0,0.0,50.0,2.29,2.44,0.0,10.5,50.0,14.0,0.0,0.0,0.0,0.0,0.0,4408.845,6.404339369999988,53.083
0.0,0.0,100.0,2.51,419.89,0.0,0.0,50.0,2.29,2.44,0.0,10.5,50.0,14.0,0.0,0.0,0.0,0.0,0.0,4408.845,6.43371987499998,53.282
0.0,0.0,100.0,2.53,426.51,0.0,0.0,50.0,2.3,-5.75,0.0,10.49,50.0,12.0,0.0,0.0,0.0,0.0,0.0,4474.0899,6.463100379999986,53.483
0.0,0.0,100.0,2.53,426.51,0.0,0.0,50.0,2.3,-5.75,0.0,10.49,50.0,12.0,0.0,0.0,0.0,0.0,0.0,4474.0899,6.43371987499998,53.684
0.0,0.0,100.0,2.53,426.51,0.0,0.0,50.0,2.3,-5.75,0.0,10.49,50.0,12.0,0.0,0.0,0.0,0.0,0.0,4474.0899,6.521861389999984,53.882
0.0,0.0,100.0,2.49,423.63,0.0,0.0,50.0,2.3,0.86,0.0,10.45,50.0,12.0,0.0,0.0,0.0,0.0,0.0,4426.9335,6.6100029049999875,54.083
0.0,0.0,100.0,2.49,423.63,0.0,0.0,50.0,2.3,0.86,0.0,10.45,50.0,12.0,0.0,0.0,0.0,0.0,0.0,4426.9335,6.492480884999978,54.282
0.0,0.0,100.0,2.5,419.17,0.0,0.0,50.0,2.3,-5.46,0.0,10.45,50.0,13.0,0.0,0.0,0.0,0.0,0.0,4380.3265,6.521861389999984,54.483
0.0,0.0,100.0,2.5,419.17,0.0,0.0,50.0,2.3,-5.46,0.0,10.45,50.0,13.0,0.0,0.0,0.0,0.0,0.0,4380.3265,6.521861389999984,54.682
0.0,0.0,100.0,2.41,415.87,0.0,0.0,50.0,2.31,-4.89,0.0,10.46,50.0,12.0,0.0,0.0,0.0,0.0,0.0,4350.0002,6.55124189499999,54.883
0.0,0.0,100.0,2.41,415.87,0.0,0.0,50.0,2.31,-4.89,0.0,10.46,50.0,12.0,0.0,0.0,0.0,0.0,0.0,4350.0002,6.5806223999999816,55.083
0.0,0.0,100.0,2.27,416.44,0.0,0.0,50.0,2.31,-1.29,0.0,10.46,50.0,12.0,0.0,0.0,0.0,0.0,0.0,4355.9624,6.6100029049999875,55.283
0.0,0.0,100.0,2.27,416.44,0.0,0.0,50.0,2.31,-1.29,0.0,10.46,50.0,12.0,0.0,0.0,0.0,0.0,0.0,4355.9624,6.668763914999985,55.484
0.0,0.0,100.0,2.27,416.44,0.0,0.0,50.0,2.31,-1.29,0.0,10.46,50.0,12.0,0.0,0.0,0.0,0.0,0.0,4355.9624,6.698144419999977,55.683
0.0,0.0,100.0,2.18,420.18,0.0,0.0,50.0,2.32,-4.6,0.0,10.49,50.0,14.0,0.0,0.0,0.0,0.0,0.0,4407.6882000000005,6.698144419999977,55.883
0.0,0.0,100.0,2.18,420.18,0.0,0.0,50.0,2.32,-4.6,0.0,10.49,50.0,14.0,0.0,0.0,0.0,0.0,0.0,4407.6882000000005,6.756905429999975,56.082
0.0,0.0,100.0,2.06,421.48,0.0,0.0,50.0,2.32,-2.01,0.0,10.43,50.0,12.0,0.0,0.0,0.0,0.0,0.0,4396.0364,6.698144419999977,56.284
0.0,0.0,100.0,2.06,421.48,0.0,0.0,50.0,2.32,-2.01,0.0,10.43,50.0,12.0,0.0,0.0,0.0,0.0,0.0,4396.0364,6.668763914999985,56.482
0.0,0.0,100.0,1.99,416.44,0.0,0.0,50.0,2.32,0.14,0.0,10.42,50.0,12.0,0.0,0.0,0.0,0.0,0.0,4339.3048,6.55124189499999,56.684
0.0,0.0,100.0,1.99,416.44,0.0,0.0,50.0,2.32,0.14,0.0,10.42,50.0,12.0,0.0,0.0,0.0,0.0,0.0,4339.3048,6.639383409999979,56.883
0.0,0.0,100.0,1.99,416.44,0.0,0.0,50.0,2.32,0.14,0.0,10.42,50.0,12.0,0.0,0.0,0.0,0.0,0.0,4339.3048,6.639383409999979,57.083
0.0,0.0,100.0,2.0,418.89,0.0,0.0,50.0,2.32,-4.89,0.0,10.4,50.0,13.0,0.0,0.0,0.0,0.0,0.0,4356.456,6.6100029049999875,57.283
0.0,0.0,100.0,2.0,418.89,0.0,0.0,50.0,2.32,-4.89,0.0,10.4,50.0,13.0,0.0,0.0,0.0,0.0,0.0,4356.456,6.639383409999979,57.483
0.0,0.0,100.0,1.99,415.73,0.0,0.0,50.0,2.32,0.86,0.0,10.37,50.0,12.0,0.0,0.0,0.0,0.0,0.0,4311.1201,6.668763914999985,57.683
0.0,0.0,100.0,1.99,415.73,0.0,0.0,50.0,2.32,0.86,0.0,10.37,50.0,12.0,0.0,0.0,0.0,0.0,0.0,4311.1201,6.639383409999979,57.882
0.0,0.0,100.0,1.99,420.47,0.0,0.0,50.0,2.33,-4.74,0.0,10.43,50.0,12.0,0.0,0.0,0.0,0.0,0.0,4385.502100000001,6.55124189499999,58.084
0.0,0.0,100.0,1.99,420.47,0.0,0.0,50.0,2.33,-4.74,0.0,10.43,50.0,12.0,0.0,0.0,0.0,0.0,0.0,4385.502100000001,6.6100029049999875,58.282
0.0,0.0,100.0,1.99,421.19,0.0,0.0,50.0,2.33,-1.01,0.0,10.41,50.0,14.0,0.0,0.0,0.0,0.0,0.0,4384.5879,6.6100029049999875,58.483
0.0,0.0,100.0,1.99,421.19,0.0,0.0,50.0,2.33,-1.01,0.0,10.41,50.0,14.0,0.0,0.0,0.0,0.0,0.0,4384.5879,6.698144419999977,58.687
0.0,0.0,100.0,1.99,421.19,0.0,0.0,50.0,2.33,-1.01,0.0,10.41,50.0,14.0,0.0,0.0,0.0,0.0,0.0,4384.5879,6.727524924999983,58.883
0.0,0.0,100.0,2.0,418.02,0.0,0.0,50.0,2.33,-2.3,0.0,10.45,50.0,12.0,0.0,0.0,0.0,0.0,0.0,4368.308999999999,6.668763914999985,59.084
0.0,0.0,100.0,2.0,418.02,0.0,0.0,50.0,2.33,-2.3,0.0,10.45,50.0,12.0,0.0,0.0,0.0,0.0,0.0,4368.308999999999,6.6100029049999875,59.282
0.0,0.0,100.0,2.01,419.61,0.0,0.0,50.0,2.33,0.86,0.0,10.44,50.0,12.0,0.0,0.0,0.0,0.0,0.0,4380.7284,6.639383409999979,59.489
0.0,0.0,100.0,2.01,419.61,0.0,0.0,50.0,2.33,0.86,0.0,10.44,50.0,12.0,0.0,0.0,0.0,0.0,0.0,4380.7284,6.6100029049999875,59.684
0.0,0.0,100.0,2.01,418.89,0.0,0.0,50.0,2.33,-2.01,0.0,10.44,50.0,13.0,0.0,0.0,0.0,0.0,0.0,4373.2116,6.5806223999999816,59.884
0.0,0.0,100.0,2.01,418.89,0.0,0.0,50.0,2.33,-2.01,0.0,10.44,50.0,13.0,0.0,0.0,0.0,0.0,0.0,4373.2116,6.5806223999999816,60.082
0.0,0.0,100.0,2.01,418.02,0.0,0.0,50.0,2.34,-1.15,0.0,10.42,50.0,12.0,0.0,0.0,0.0,0.0,0.0,4355.7684,6.668763914999985,60.288
0.0,0.0,100.0,2.01,418.02,0.0,0.0,50.0,2.34,-1.15,0.0,10.42,50.0,12.0,0.0,0.0,0.0,0.0,0.0,4355.7684,6.698144419999977,60.482
0.0,0.0,100.0,2.01,418.02,0.0,0.0,50.0,2.34,-1.15,0.0,10.42,50.0,12.0,0.0,0.0,0.0,0.0,0.0,4355.7684,6.698144419999977,60.683
0.0,0.0,100.0,1.99,419.61,0.0,0.0,50.0,2.34,-4.17,0.0,10.46,50.0,12.0,0.0,0.0,0.0,0.0,0.0,4389.1206,6.639383409999979,60.883
0.0,0.0,100.0,1.99,419.61,0.0,0.0,50.0,2.34,-4.17,0.0,10.46,50.0,12.0,0.0,0.0,0.0,0.0,0.0,4389.1206,6.668763914999985,61.087
0.0,0.0,100.0,1.98,418.74,0.0,0.0,50.0,2.34,-0.72,0.0,10.49,50.0,14.0,0.0,0.0,0.0,0.0,0.0,4392.582600000001,6.727524924999983,61.283
0.0,0.0,100.0,1.98,418.74,0.0,0.0,50.0,2.34,-0.72,0.0,10.49,50.0,14.0,0.0,0.0,0.0,0.0,0.0,4392.582600000001,6.727524924999983,61.483
0.0,0.0,100.0,1.96,421.76,0.0,0.0,50.0,2.34,-3.74,0.0,10.51,50.0,12.0,0.0,0.0,0.0,0.0,0.0,4432.6975999999995,6.698144419999977,61.684
0.0,0.0,100.0,1.96,421.76,0.0,0.0,50.0,2.34,-3.74,0.0,10.51,50.0,12.0,0.0,0.0,0.0,0.0,0.0,4432.6975999999995,6.668763914999985,61.887
100.0,0.0,100.0,1.96,421.76,0.0,0.0,50.0,2.34,-3.74,0.0,10.51,50.0,12.0,0.0,0.0,0.04065503501427212,0.038844038,0.0,4432.6975999999995,6.6100029049999875,62.083
100.0,0.0,100.0,1.96,418.74,0.0,0.0,50.0,2.34,-0.14,0.0,10.56,50.0,12.0,0.0,0.0,0.040462539583333325,0.038844038,0.0,4421.8944,6.5806223999999816,62.283
100.0,0.0,100.0,1.96,418.74,0.0,0.0,50.0,2.34,-0.14,0.0,10.56,50.0,12.0,0.0,0.0,0.040462539583333325,0.038844038,0.0,4421.8944,6.6100029049999875,62.483
100.0,0.0,100.0,1.96,412.99,0.0,0.0,50.0,2.35,-1.15,0.0,10.52,50.0,13.0,0.0,0.0,0.04061638954372623,0.038844038,0.0,4344.6548,6.698144419999977,62.683
100.0,0.0,100.0,1.96,412.99,0.0,0.0,50.0,2.35,-1.15,0.0,10.52,50.0,13.0,0.0,0.0,0.04061638954372623,0.038844038,0.0,4344.6548,6.756905429999975,62.882
100.0,0.0,100.0,2.03,408.11,0.0,0.0,50.0,2.36,-1.87,0.0,10.48,50.0,12.0,0.0,0.0,0.042889018893129766,0.040861537999999996,0.0,4276.9928,6.756905429999975,63.084
100.0,0.0,100.0,2.03,408.11,0.0,0.0,50.0,2.36,-1.87,0.0,10.48,50.0,12.0,0.0,0.0,0.042889018893129766,0.040861537999999996,0.0,4276.9928,6.698144419999977,63.283
100.0,0.0,100.0,2.29,406.96,0.0,0.0,50.0,2.37,-5.89,0.0,10.41,50.0,12.0,0.0,0.0,0.047432572718539866,0.044888462000000004,0.0,4236.4536,6.727524924999983,63.484
100.0,0.0,100.0,2.29,406.96,0.0,0.0,50.0,2.37,-5.89,0.0,10.41,50.0,12.0,0.0,0.0,0.047432572718539866,0.044888462000000004,0.0,4236.4536,6.698144419999977,63.682
100.0,0.0,100.0,2.29,406.96,0.0,0.0,50.0,2.37,-5.89,0.0,10.41,50.0,12.0,0.0,0.0,0.047432572718539866,0.044888462000000004,0.0,4236.4536,6.727524924999983,63.883
100.0,0.0,100.0,2.59,399.19,0.0,0.0,50.0,2.39,-6.76,0.0,10.33,50.0,14.0,0.0,0.0,0.05421057057115199,0.050908654000000005,0.0,4123.6327,6.815666439999987,64.084
100.0,0.0,100.0,2.59,399.19,0.0,0.0,50.0,2.39,-6.76,0.0,10.33,50.0,14.0,0.0,0.0,0.05421057057115199,0.050908654000000005,0.0,4123.6327,6.845046944999979,64.283
100.0,0.0,100.0,2.94,401.21,0.0,0.0,50.0,2.41,-4.46,0.0,10.29,50.0,12.0,0.0,0.0,0.06296178182701652,0.058897885,0.0,4128.4509,6.845046944999979,64.484
100.0,0.0,100.0,2.94,401.21,0.0,0.0,50.0,2.41,-4.46,0.0,10.29,50.0,12.0,0.0,0.0,0.06296178182701652,0.058897885,0.0,4128.4509,6.727524924999983,64.682
100.0,0.0,100.0,3.21,405.23,0.0,0.0,50.0,2.42,-2.3,0.0,10.24,50.0,12.0,0.0,0.0,0.0696754802734375,0.064861538,0.0,4149.555200000001,6.698144419999977,64.883
100.0,0.0,100.0,3.21,405.23,0.0,0.0,50.0,2.42,-2.3,0.0,10.24,50.0,12.0,0.0,0.0,0.0696754802734375,0.064861538,0.0,4149.555200000001,6.698144419999977,65.083
100.0,0.0,100.0,3.43,397.76,0.0,0.0,50.0,2.43,-2.44,0.0,10.22,50.0,13.0,0.0,0.0,0.07407654657534245,0.068823846,0.0,4065.1072000000004,6.786285934999981,65.283
100.0,0.0,100.0,3.43,397.76,0.0,0.0,50.0,2.43,-2.44,0.0,10.22,50.0,13.0,0.0,0.0,0.07407654657534245,0.068823846,0.0,4065.1072000000004,6.756905429999975,65.484
100.0,0.0,100.0,3.43,397.76,0.0,0.0,50.0,2.43,-2.44,0.0,10.22,50.0,13.0,0.0,0.0,0.07407654657534245,0.068823846,0.0,4065.1072000000004,6.756905429999975,65.683
100.0,0.0,100.0,3.59,396.46,0.0,0.0,50.0,2.44,-2.59,0.0,10.19,50.0,12.0,0.0,0.0,0.07642890893032385,0.070800962,0.0,4039.9273999999996,6.727524924999983,65.883
100.0,0.0,100.0,3.59,396.46,0.0,0.0,50.0,2.44,-2.59,0.0,10.19,50.0,12.0,0.0,0.0,0.07642890893032385,0.070800962,0.0,4039.9273999999996,6.727524924999983,66.082
100.0,0.0,100.0,3.59,397.47,0.0,0.0,50.0,2.45,-2.88,0.0,10.19,50.0,12.0,0.0,0.0,0.07642890893032385,0.070800962,0.0,4050.2193,6.639383409999979,66.284
100.0,0.0,100.0,3.59,397.47,0.0,0.0,50.0,2.45,-2.88,0.0,10.19,50.0,12.0,0.0,0.0,0.07642890893032385,0.070800962,0.0,4050.2193,6.639383409999979,66.482
100.0,0.0,100.0,3.56,395.46,0.0,0.0,50.0,2.46,-4.89,0.0,10.16,50.0,13.0,0.0,0.0,0.07665458484251968,0.070800962,0.0,4017.8736,6.756905429999975,66.683
100.0,0.0,100.0,3.56,395.46,0.0,0.0,50.0,2.46,-4.89,0.0,10.16,50.0,13.0,0.0,0.0,0.07665458484251968,0.070800962,0.0,4017.8736,6.786285934999981,66.882
100.0,0.0,100.0,3.56,395.46,0.0,0.0,50.0,2.46,-4.89,0.0,10.16,50.0,13.0,0.0,0.0,0.07665458484251968,0.070800962,0.0,4017.8736,6.727524924999983,67.083
100.0,0.0,100.0,3.44,397.47,0.0,0.0,50.0,2.46,-2.59,0.0,10.16,50.0,13.0,0.0,0.0,0.07451400649606298,0.068823846,0.0,4038.2952000000005,6.698144419999977,67.282
100.0,0.0,100.0,3.44,397.47,0.0,0.0,50.0,2.46,-2.59,0.0,10.16,50.0,13.0,0.0,0.0,0.07451400649606298,0.068823846,0.0,4038.2952000000005,6.698144419999977,67.482
100.0,0.0,100.0,3.35,400.06,0.0,0.0,50.0,2.46,-1.87,0.0,10.17,50.0,12.0,0.0,0.0,0.07229935280235988,0.066844038,0.0,4068.6102,6.786285934999981,67.683
100.0,0.0,100.0,3.35,400.06,0.0,0.0,50.0,2.46,-1.87,0.0,10.17,50.0,12.0,0.0,0.0,0.07229935280235988,0.066844038,0.0,4068.6102,6.786285934999981,67.882
100.0,0.0,100.0,3.31,399.05,0.0,0.0,50.0,2.45,2.3,0.0,10.17,50.0,13.0,0.0,0.0,0.07229935280235988,0.066844038,0.0,4058.3385000000003,6.756905429999975,68.083
100.0,0.0,100.0,3.31,399.05,0.0,0.0,50.0,2.45,2.3,0.0,10.17,50.0,13.0,0.0,0.0,0.07229935280235988,0.066844038,0.0,4058.3385000000003,6.786285934999981,68.282
100.0,0.0,100.0,3.29,396.32,0.0,0.0,50.0,2.46,-1.44,0.0,10.19,50.0,12.0,0.0,0.0,0.07001736192345437,0.064861538,0.0,4038.5008,6.786285934999981,68.484
100.0,0.0,100.0,3.29,396.32,0.0,0.0,50.0,2.46,-1.44,0.0,10.19,50.0,12.0,0.0,0.0,0.07001736192345437,0.064861538,0.0,4038.5008,6.698144419999977,68.682
100.0,0.0,100.0,3.29,396.32,0.0,0.0,50.0,2.46,-1.44,0.0,10.19,50.0,12.0,0.0,0.0,0.07001736192345437,0.064861538,0.0,4038.5008,6.698144419999977,68.883
100.0,0.0,100.0,3.34,398.33,0.0,0.0,50.0,2.46,-4.46,0.0,10.21,50.0,12.0,0.0,0.0,0.07201610362389814,0.066844038,0.0,4066.9493,6.698144419999977,69.083
100.0,0.0,100.0,3.34,398.33,0.0,0.0,50.0,2.46,-4.46,0.0,10.21,50.0,12.0,0.0,0.0,0.07201610362389814,0.066844038,0.0,4066.9493,6.756905429999975,69.283
100.0,0.0,100.0,3.49,395.31,0.0,0.0,50.0,2.47,1.44,0.0,10.21,50.0,13.0,0.0,0.0,0.07414909951028402,0.068823846,0.0,4036.1151000000004,6.786285934999981,69.483
100.0,0.0,100.0,3.49,395.31,0.0,0.0,50.0,2.47,1.44,0.0,10.21,50.0,13.0,0.0,0.0,0.07414909951028402,0.068823846,0.0,4036.1151000000004,6.786285934999981,69.682
100.0,0.0,100.0,3.55,396.61,0.0,0.0,50.0,2.47,-2.16,0.0,10.16,50.0,13.0,0.0,0.0,0.07665458484251968,0.070800962,0.0,4029.5576,6.786285934999981,69.883
100.0,0.0,100.0,3.55,396.61,0.0,0.0,50.0,2.47,-2.16,0.0,10.16,50.0,13.0,0.0,0.0,0.07665458484251968,0.070800962,0.0,4029.5576,6.698144419999977,70.082
100.0,0.0,100.0,3.55,396.61,0.0,0.0,50.0,2.47,-2.16,0.0,10.16,50.0,13.0,0.0,0.0,0.07665458484251968,0.070800962,0.0,4029.5576,6.727524924999983,70.282
100.0,0.0,100.0,3.65,400.63,0.0,0.0,50.0,2.47,-2.59,0.0,10.11,50.0,12.0,0.0,0.0,0.07918192235410484,0.072775385,0.0,4050.3693,6.727524924999983,70.483
100.0,0.0,100.0,3.65,400.63,0.0,0.0,50.0,2.47,-2.59,0.0,10.11,50.0,12.0,0.0,0.0,0.07918192235410484,0.072775385,0.0,4050.3693,6.815666439999987,70.683
100.0,0.0,100.0,3.65,400.34,0.0,0.0,50.0,2.44,3.02,0.0,10.09,50.0,13.0,0.0,0.0,0.07933887363726462,0.072775385,0.0,4039.4305999999997,6.756905429999975,70.883
100.0,0.0,100.0,3.65,400.34,0.0,0.0,50.0,2.44,3.02,0.0,10.09,50.0,13.0,0.0,0.0,0.07933887363726462,0.072775385,0.0,4039.4305999999997,6.786285934999981,71.083
100.0,0.0,100.0,3.73,399.48,0.0,0.0,50.0,2.41,-2.16,0.0,10.14,50.0,12.0,0.0,0.0,0.08108661390532544,0.074747115,0.0,4050.7272000000003,6.727524924999983,71.288
100.0,0.0,100.0,3.73,399.48,0.0,0.0,50.0,2.41,-2.16,0.0,10.14,50.0,12.0,0.0,0.0,0.08108661390532544,0.074747115,0.0,4050.7272000000003,6.668763914999985,71.482
100.0,0.0,100.0,3.81,396.03,0.0,0.0,50.0,2.38,2.01,0.0,10.15,50.0,12.0,0.0,0.0,0.08314065950738918,0.07671615400000001,0.0,4019.7045,6.727524924999983,71.684
100.0,0.0,100.0,3.81,396.03,0.0,0.0,50.0,2.38,2.01,0.0,10.15,50.0,12.0,0.0,0.0,0.08314065950738918,0.07671615400000001,0.0,4019.7045,6.756905429999975,71.882
100.0,0.0,100.0,3.81,396.03,0.0,0.0,50.0,2.38,2.01,0.0,10.15,50.0,12.0,0.0,0.0,0.08314065950738918,0.07671615400000001,0.0,4019.7045,6.727524924999983,72.087
100.0,0.0,100.0,3.9,398.62,0.0,0.0,50.0,2.36,-2.3,0.0,10.17,50.0,14.0,0.0,0.0,0.08510398230088495,0.0786825,0.0,4053.9654,6.815666439999987,72.284
100.0,0.0,100.0,3.9,398.62,0.0,0.0,50.0,2.36,-2.3,0.0,10.17,50.0,14.0,0.0,0.0,0.08510398230088495,0.0786825,0.0,4053.9654,6.756905429999975,72.485
100.0,0.0,100.0,3.85,397.18,0.0,0.0,50.0,2.37,-2.16,0.0,10.22,50.0,13.0,0.0,0.0,0.08257120293542075,0.07671615400000001,0.0,4059.1796000000004,6.6100029049999875,72.683
100.0,0.0,100.0,3.85,397.18,0.0,0.0,50.0,2.37,-2.16,0.0,10.22,50.0,13.0,0.0,0.0,0.08257120293542075,0.07671615400000001,0.0,4059.1796000000004,6.6100029049999875,72.887
100.0,0.0,100.0,3.82,400.92,0.0,0.0,50.0,2.37,-5.75,0.0,10.19,50.0,12.0,0.0,0.0,0.08281429774288519,0.07671615400000001,0.0,4085.3748,6.55124189499999,73.084
100.0,0.0,100.0,3.82,400.92,0.0,0.0,50.0,2.37,-5.75,0.0,10.19,50.0,12.0,0.0,0.0,0.08281429774288519,0.07671615400000001,0.0,4085.3748,6.55124189499999,73.283
100.0,0.0,100.0,3.73,398.76,0.0,0.0,50.0,2.37,6.04,0.0,10.2,50.0,13.0,0.0,0.0,0.08060963382352943,0.074747115,0.0,4067.3519999999994,6.5806223999999816,73.484
100.0,0.0,100.0,3.73,398.76,0.0,0.0,50.0,2.37,6.04,0.0,10.2,50.0,13.0,0.0,0.0,0.08060963382352943,0.074747115,0.0,4067.3519999999994,6.404339369999988,73.687
100.0,0.0,100.0,3.73,398.76,0.0,0.0,50.0,2.37,6.04,0.0,10.2,50.0,13.0,0.0,0.0,0.08060963382352943,0.074747115,0.0,4067.3519999999994,6.43371987499998,73.883
100.0,0.0,100.0,3.59,405.81,0.0,0.0,50.0,2.37,2.44,0.0,10.21,50.0,12.0,0.0,0.0,0.07627919510284034,0.070800962,0.0,4143.320100000001,6.492480884999978,74.083
100.0,0.0,100.0,3.59,405.81,0.0,0.0,50.0,2.37,2.44,0.0,10.21,50.0,12.0,0.0,0.0,0.07627919510284034,0.070800962,0.0,4143.320100000001,6.521861389999984,74.282
100.0,0.0,100.0,3.64,398.33,0.0,0.0,50.0,2.37,-1.58,0.0,10.19,50.0,12.0,0.0,0.0,0.07856027821393523,0.072775385,0.0,4058.9826999999996,6.521861389999984,74.488
100.0,0.0,100.0,3.64,398.33,0.0,0.0,50.0,2.37,-1.58,0.0,10.19,50.0,12.0,0.0,0.0,0.07856027821393523,0.072775385,0.0,4058.9826999999996,6.5806223999999816,74.682
100.0,0.0,100.0,3.53,400.06,0.0,0.0,50.0,2.37,-2.73,0.0,10.21,50.0,13.0,0.0,0.0,0.07627919510284034,0.070800962,0.0,4084.6126000000004,6.492480884999978,74.883
100.0,0.0,100.0,3.53,400.06,0.0,0.0,50.0,2.37,-2.73,0.0,10.21,50.0,13.0,0.0,0.0,0.07627919510284034,0.070800962,0.0,4084.6126000000004,6.404339369999988,75.082
100.0,0.0,100.0,3.53,400.06,0.0,0.0,50.0,2.37,-2.73,0.0,10.21,50.0,13.0,0.0,0.0,0.07627919510284034,0.070800962,0.0,4084.6126000000004,6.463100379999986,75.286
100.0,0.0,100.0,3.59,397.76,0.0,0.0,50.0,2.37,-4.89,0.0,10.18,50.0,13.0,0.0,0.0,0.07650398644400785,0.070800962,0.0,4049.1967999999997,6.463100379999986,75.485
100.0,0.0,100.0,3.59,397.76,0.0,0.0,50.0,2.37,-4.89,0.0,10.18,50.0,13.0,0.0,0.0,0.07650398644400785,0.070800962,0.0,4049.1967999999997,6.521861389999984,75.682
100.0,0.0,100.0,3.67,400.49,0.0,0.0,50.0,2.37,0.57,0.0,10.17,50.0,12.0,0.0,0.0,0.07871477236971484,0.072775385,0.0,4072.9833,6.492480884999978,75.883
100.0,0.0,100.0,3.67,400.49,0.0,0.0,50.0,2.37,0.57,0.0,10.17,50.0,12.0,0.0,0.0,0.07871477236971484,0.072775385,0.0,4072.9833,6.55124189499999,76.087
100.0,0.0,100.0,3.67,398.19,0.0,0.0,50.0,2.38,-3.31,0.0,10.14,50.0,13.0,0.0,0.0,0.07894765631163707,0.072775385,0.0,4037.6466,6.463100379999986,76.283
100.0,0.0,100.0,3.67,398.19,0.0,0.0,50.0,2.38,-3.31,0.0,10.14,50.0,13.0,0.0,0.0,0.07894765631163707,0.072775385,0.0,4037.6466,6.43371987499998,76.482
100.0,0.0,100.0,3.76,398.48,0.0,0.0,50.0,2.38,-1.44,0.0,10.14,50.0,12.0,0.0,0.0,0.08108661390532544,0.074747115,0.0,4040.5872000000004,6.463100379999986,76.683
100.0,0.0,100.0,3.76,398.48,0.0,0.0,50.0,2.38,-1.44,0.0,10.14,50.0,12.0,0.0,0.0,0.08108661390532544,0.074747115,0.0,4040.5872000000004,6.521861389999984,76.886
100.0,0.0,100.0,3.76,398.48,0.0,0.0,50.0,2.38,-1.44,0.0,10.14,50.0,12.0,0.0,0.0,0.08108661390532544,0.074747115,0.0,4040.5872000000004,6.521861389999984,77.084
100.0,0.0,100.0,3.77,398.62,0.0,0.0,50.0,2.37,1.01,0.0,10.16,50.0,12.0,0.0,0.0,0.08092699458661418,0.074747115,0.0,4049.9792,6.5806223999999816,77.283
100.0,0.0,100.0,3.77,398.62,0.0,0.0,50.0,2.37,1.01,0.0,10.16,50.0,12.0,0.0,0.0,0.08092699458661418,0.074747115,0.0,4049.9792,6.639383409999979,77.483
100.0,0.0,100.0,3.76,398.19,0.0,0.0,50.0,2.35,-3.74,0.0,10.15,50.0,13.0,0.0,0.0,0.08100672561576355,0.074747115,0.0,4041.6285000000003,6.5806223999999816,77.685
100.0,0.0,100.0,3.76,398.19,0.0,0.0,50.0,2.35,-3.74,0.0,10.15,50.0,13.0,0.0,0.0,0.08100672561576355,0.074747115,0.0,4041.6285000000003,6.492480884999978,77.883
100.0,0.0,100.0,3.7,400.06,0.0,0.0,50.0,2.34,-3.45,0.0,10.17,50.0,13.0,0.0,0.0,0.0808474203539823,0.074747115,0.0,4068.6102,6.463100379999986,78.084
100.0,0.0,100.0,3.7,400.06,0.0,0.0,50.0,2.34,-3.45,0.0,10.17,50.0,13.0,0.0,0.0,0.0808474203539823,0.074747115,0.0,4068.6102,6.492480884999978,78.283
100.0,0.0,100.0,3.7,400.06,0.0,0.0,50.0,2.34,-3.45,0.0,10.17,50.0,13.0,0.0,0.0,0.0808474203539823,0.074747115,0.0,4068.6102,6.521861389999984,78.483
100.0,0.0,100.0,3.64,401.49,0.0,0.0,50.0,2.34,-1.87,0.0,10.14,50.0,12.0,0.0,0.0,0.07894765631163707,0.072775385,0.0,4071.1086000000005,6.492480884999978,78.684
100.0,0.0,100.0,3.64,401.49,0.0,0.0,50.0,2.34,-1.87,0.0,10.14,50.0,12.0,0.0,0.0,0.07894765631163707,0.072775385,0.0,4071.1086000000005,6.463100379999986,78.882
100.0,0.0,100.0,3.64,398.62,0.0,0.0,50.0,2.34,-2.01,0.0,10.18,50.0,13.0,0.0,0.0,0.07863744941060903,0.072775385,0.0,4057.9516,6.55124189499999,79.083
100.0,0.0,100.0,3.64,398.62,0.0,0.0,50.0,2.34,-2.01,0.0,10.18,50.0,13.0,0.0,0.0,0.07863744941060903,0.072775385,0.0,4057.9516,6.5806223999999816,79.282
100.0,0.0,100.0,3.64,394.88,0.0,0.0,50.0,2.34,-5.61,0.0,10.19,50.0,12.0,0.0,0.0,0.07856027821393523,0.072775385,0.0,4023.8271999999997,6.55124189499999,79.483
100.0,0.0,100.0,3.64,394.88,0.0,0.0,50.0,2.34,-5.61,0.0,10.19,50.0,12.0,0.0,0.0,0.07856027821393523,0.072775385,0.0,4023.8271999999997,6.668763914999985,79.682
100.0,0.0,100.0,3.7,401.06,0.0,0.0,50.0,2.34,-7.19,0.0,10.23,50.0,12.0,0.0,0.0,0.08037324193548387,0.074747115,0.0,4102.843800000001,6.698144419999977,79.884
100.0,0.0,100.0,3.7,401.06,0.0,0.0,50.0,2.34,-7.19,0.0,10.23,50.0,12.0,0.0,0.0,0.08037324193548387,0.074747115,0.0,4102.843800000001,6.727524924999983,80.083
100.0,0.0,100.0,3.7,401.06,0.0,0.0,50.0,2.34,-7.19,0.0,10.23,50.0,12.0,0.0,0.0,0.08037324193548387,0.074747115,0.0,4102.843800000001,6.756905429999975,80.283
100.0,0.0,100.0,3.7,394.74,0.0,0.0,50.0,2.34,-1.15,0.0,10.23,50.0,13.0,0.0,0.0,0.08037324193548387,0.074747115,0.0,4038.1902000000005,6.727524924999983,80.483
100.0,0.0,100.0,3.7,394.74,0.0,0.0,50.0,2.34,-1.15,0.0,10.23,50.0,13.0,0.0,0.0,0.08037324193548387,0.074747115,0.0,4038.1902000000005,6.756905429999975,80.682
100.0,0.0,100.0,3.62,396.61,0.0,0.0,50.0,2.34,0.0,0.0,10.22,50.0,13.0,0.0,0.0,0.07832967074363992,0.072775385,0.0,4053.3542,6.698144419999977,80.883
100.0,0.0,100.0,3.62,396.61,0.0,0.0,50.0,2.34,0.0,0.0,10.22,50.0,13.0,0.0,0.0,0.07832967074363992,0.072775385,0.0,4053.3542,6.698144419999977,81.082
100.0,0.0,100.0,3.62,393.59,0.0,0.0,50.0,2.34,-1.29,0.0,10.19,50.0,12.0,0.0,0.0,0.07856027821393523,0.072775385,0.0,4010.6820999999995,6.6100029049999875,81.283
100.0,0.0,100.0,3.62,393.59,0.0,0.0,50.0,2.34,-1.29,0.0,10.19,50.0,12.0,0.0,0.0,0.07856027821393523,0.072775385,0.0,4010.6820999999995,6.521861389999984,81.483
100.0,0.0,100.0,3.64,401.78,0.0,0.0,50.0,2.34,0.0,0.0,10.16,50.0,12.0,0.0,0.0,0.07879224753937007,0.072775385,0.0,4082.0847999999996,6.521861389999984,81.684
100.0,0.0,100.0,3.64,401.78,0.0,0.0,50.0,2.34,0.0,0.0,10.16,50.0,12.0,0.0,0.0,0.07879224753937007,0.072775385,0.0,4082.0847999999996,6.55124189499999,81.883
100.0,0.0,100.0,3.64,401.78,0.0,0.0,50.0,2.34,0.0,0.0,10.16,50.0,12.0,0.0,0.0,0.07879224753937007,0.072775385,0.0,4082.0847999999996,6.521861389999984,82.083
100.0,0.0,100.0,3.71,402.79,0.0,0.0,50.0,2.34,-7.04,0.0,10.17,50.0,12.0,0.0,0.0,0.0808474203539823,0.074747115,0.0,4096.3743,6.492480884999978,82.283
100.0,0.0,100.0,3.71,402.79,0.0,0.0,50.0,2.34,-7.04,0.0,10.17,50.0,12.0,0.0,0.0,0.0808474203539823,0.074747115,0.0,4096.3743,6.521861389999984,82.482
100.0,0.0,100.0,3.77,396.75,0.0,0.0,50.0,2.34,-4.74,0.0,10.16,50.0,12.0,0.0,0.0,0.08092699458661418,0.074747115,0.0,4030.98,6.404339369999988,82.69
100.0,0.0,100.0,3.77,396.75,0.0,0.0,50.0,2.34,-4.74,0.0,10.16,50.0,12.0,0.0,0.0,0.08092699458661418,0.074747115,0.0,4030.98,6.34557835999999,82.882
100.0,0.0,100.0,3.73,401.92,0.0,0.0,50.0,2.35,-5.75,0.0,10.15,50.0,13.0,0.0,0.0,0.08100672561576355,0.074747115,0.0,4079.4880000000003,6.169295329999983,83.084
100.0,0.0,100.0,3.73,401.92,0.0,0.0,50.0,2.35,-5.75,0.0,10.15,50.0,13.0,0.0,0.0,0.08100672561576355,0.074747115,0.0,4079.4880000000003,6.110534319999985,83.283
100.0,0.0,100.0,3.73,401.92,0.0,0.0,50.0,2.35,-5.75,0.0,10.15,50.0,13.0,0.0,0.0,0.08100672561576355,0.074747115,0.0,4079.4880000000003,6.169295329999983,83.487
100.0,0.0,100.0,3.69,397.76,0.0,0.0,50.0,2.35,-6.32,0.0,10.13,50.0,13.0,0.0,0.0,0.07902559081934846,0.072775385,0.0,4029.3088000000002,6.228056339999981,83.685
100.0,0.0,100.0,3.69,397.76,0.0,0.0,50.0,2.35,-6.32,0.0,10.13,50.0,13.0,0.0,0.0,0.07902559081934846,0.072775385,0.0,4029.3088000000002,6.286817349999978,83.883
100.0,0.0,100.0,3.69,402.07,0.0,0.0,50.0,2.35,-4.46,0.0,10.12,50.0,12.0,0.0,0.0,0.07910367934782608,0.072775385,0.0,4068.9483999999998,6.34557835999999,84.084
100.0,0.0,100.0,3.69,402.07,0.0,0.0,50.0,2.35,-4.46,0.0,10.12,50.0,12.0,0.0,0.0,0.07910367934782608,0.072775385,0.0,4068.9483999999998,6.31619785499997,84.287
100.0,0.0,100.0,3.63,399.19,0.0,0.0,50.0,2.34,-0.29,0.0,10.14,50.0,13.0,0.0,0.0,0.07894765631163707,0.072775385,0.0,4047.7866000000004,6.31619785499997,84.483
100.0,0.0,100.0,3.63,399.19,0.0,0.0,50.0,2.34,-0.29,0.0,10.14,50.0,13.0,0.0,0.0,0.07894765631163707,0.072775385,0.0,4047.7866000000004,6.463100379999986,84.683
100.0,0.0,100.0,3.63,406.67,0.0,0.0,50.0,2.33,-3.31,0.0,10.16,50.0,12.0,0.0,0.0,0.07879224753937007,0.072775385,0.0,4131.7672,6.521861389999984,84.883
100.0,0.0,100.0,3.63,406.67,0.0,0.0,50.0,2.33,-3.31,0.0,10.16,50.0,12.0,0.0,0.0,0.07879224753937007,0.072775385,0.0,4131.7672,6.492480884999978,85.087
100.0,0.0,100.0,3.63,406.67,0.0,0.0,50.0,2.33,-3.31,0.0,10.16,50.0,12.0,0.0,0.0,0.07879224753937007,0.072775385,0.0,4131.7672,6.521861389999984,85.282
100.0,0.0,100.0,3.5,400.63,0.0,0.0,50.0,2.32,-3.31,0.0,10.16,50.0,12.0,0.0,0.0,0.07665458484251968,0.070800962,0.0,4070.4008,6.492480884999978,85.483
100.0,0.0,100.0,3.5,400.63,0.0,0.0,50.0,2.32,-3.31,0.0,10.16,50.0,12.0,0.0,0.0,0.07665458484251968,0.070800962,0.0,4070.4008,6.463100379999986,85.682
100.0,0.0,100.0,3.5,402.93,0.0,0.0,50.0,2.32,-0.72,0.0,10.16,50.0,13.0,0.0,0.0,0.07665458484251968,0.070800962,0.0,4093.7688000000003,6.43371987499998,85.888
100.0,0.0,100.0,3.5,402.93,0.0,0.0,50.0,2.32,-0.72,0.0,10.16,50.0,13.0,0.0,0.0,0.07665458484251968,0.070800962,0.0,4093.7688000000003,6.374958864999982,86.082
100.0,0.0,100.0,3.54,400.63,0.0,0.0,50.0,2.32,-3.59,0.0,10.17,50.0,13.0,0.0,0.0,0.07657921160275319,0.070800962,0.0,4074.4071,6.404339369999988,86.283
100.0,0.0,100.0,3.54,400.63,0.0,0.0,50.0,2.32,-3.59,0.0,10.17,50.0,13.0,0.0,0.0,0.07657921160275319,0.070800962,0.0,4074.4071,6.404339369999988,86.483
100.0,0.0,100.0,3.54,400.63,0.0,0.0,50.0,2.32,-3.59,0.0,10.17,50.0,13.0,0.0,0.0,0.07657921160275319,0.070800962,0.0,4074.4071,6.43371987499998,86.687
100.0,0.0,100.0,3.6,402.36,0.0,0.0,50.0,2.33,0.72,0.0,10.16,50.0,13.0,0.0,0.0,0.07879224753937007,0.072775385,0.0,4087.9776,6.6100029049999875,86.885
100.0,0.0,100.0,3.6,402.36,0.0,0.0,50.0,2.33,0.72,0.0,10.16,50.0,13.0,0.0,0.0,0.07879224753937007,0.072775385,0.0,4087.9776,6.668763914999985,87.083
100.0,0.0,100.0,3.74,402.21,0.0,0.0,50.0,2.33,-6.32,0.0,10.15,50.0,13.0,0.0,0.0,0.08100672561576355,0.074747115,0.0,4082.4315,6.698144419999977,87.284
100.0,0.0,100.0,3.74,402.21,0.0,0.0,50.0,2.33,-6.32,0.0,10.15,50.0,13.0,0.0,0.0,0.08100672561576355,0.074747115,0.0,4082.4315,6.727524924999983,87.487
100.0,0.0,100.0,3.71,397.76,0.0,0.0,50.0,2.33,0.0,0.0,10.14,50.0,12.0,0.0,0.0,0.08108661390532544,0.074747115,0.0,4033.2864,6.698144419999977,87.683
100.0,0.0,100.0,3.71,397.76,0.0,0.0,50.0,2.33,0.0,0.0,10.14,50.0,12.0,0.0,0.0,0.08108661390532544,0.074747115,0.0,4033.2864,6.756905429999975,87.883
100.0,0.0,100.0,3.72,400.49,0.0,0.0,50.0,2.33,-1.15,0.0,10.13,50.0,12.0,0.0,0.0,0.08116665992102666,0.074747115,0.0,4056.9637000000002,6.727524924999983,88.083
100.0,0.0,100.0,3.72,400.49,0.0,0.0,50.0,2.33,-1.15,0.0,10.13,50.0,12.0,0.0,0.0,0.08116665992102666,0.074747115,0.0,4056.9637000000002,6.756905429999975,88.287
100.0,0.0,100.0,3.72,400.49,0.0,0.0,50.0,2.33,-1.15,0.0,10.13,50.0,12.0,0.0,0.0,0.08116665992102666,0.074747115,0.0,4056.9637000000002,6.698144419999977,88.482
100.0,0.0,100.0,3.69,404.37,0.0,0.0,50.0,2.33,-5.32,0.0,10.17,50.0,13.0,0.0,0.0,0.07871477236971484,0.072775385,0.0,4112.4429,6.727524924999983,88.683
100.0,0.0,100.0,3.69,404.37,0.0,0.0,50.0,2.33,-5.32,0.0,10.17,50.0,13.0,0.0,0.0,0.07871477236971484,0.072775385,0.0,4112.4429,6.756905429999975,88.882
100.0,0.0,100.0,3.64,405.23,0.0,0.0,50.0,2.33,-2.16,0.0,10.17,50.0,12.0,0.0,0.0,0.07871477236971484,0.072775385,0.0,4121.1891000000005,6.9038079549999765,89.088
100.0,0.0,100.0,3.64,405.23,0.0,0.0,50.0,2.33,-2.16,0.0,10.17,50.0,12.0,0.0,0.0,0.07871477236971484,0.072775385,0.0,4121.1891000000005,6.9038079549999765,89.283
100.0,0.0,100.0,3.66,399.34,0.0,0.0,50.0,2.33,-5.32,0.0,10.2,50.0,13.0,0.0,0.0,0.07848325833333333,0.072775385,0.0,4073.2679999999996,6.845046944999979,89.483
100.0,0.0,100.0,3.66,399.34,0.0,0.0,50.0,2.33,-5.32,0.0,10.2,50.0,13.0,0.0,0.0,0.07848325833333333,0.072775385,0.0,4073.2679999999996,6.727524924999983,89.682
100.0,0.0,100.0,3.71,400.77,0.0,0.0,50.0,2.33,-3.88,0.0,10.2,50.0,13.0,0.0,0.0,0.08060963382352943,0.074747115,0.0,4087.8539999999994,6.786285934999981,89.885
100.0,0.0,100.0,3.71,400.77,0.0,0.0,50.0,2.33,-3.88,0.0,10.2,50.0,13.0,0.0,0.0,0.08060963382352943,0.074747115,0.0,4087.8539999999994,6.756905429999975,90.083
100.0,0.0,100.0,3.71,400.77,0.0,0.0,50.0,2.33,-3.88,0.0,10.2,50.0,13.0,0.0,0.0,0.08060963382352943,0.074747115,0.0,4087.8539999999994,6.815666439999987,90.283
100.0,0.0,100.0,3.71,400.34,0.0,0.0,50.0,2.33,-1.29,0.0,10.21,50.0,12.0,0.0,0.0,0.08053068217433888,0.074747115,0.0,4087.4714,6.845046944999979,90.484
100.0,0.0,100.0,3.71,400.34,0.0,0.0,50.0,2.33,-1.29,0.0,10.21,50.0,12.0,0.0,0.0,0.08053068217433888,0.074747115,0.0,4087.4714,6.786285934999981,90.685
100.0,0.0,100.0,3.72,402.79,0.0,0.0,50.0,2.33,-0.14,0.0,10.23,50.0,12.0,0.0,0.0,0.08037324193548387,0.074747115,0.0,4120.541700000001,6.786285934999981,90.885
100.0,0.0,100.0,3.72,402.79,0.0,0.0,50.0,2.33,-0.14,0.0,10.23,50.0,12.0,0.0,0.0,0.08037324193548387,0.074747115,0.0,4120.541700000001,6.756905429999975,91.082
100.0,0.0,100.0,3.73,396.17,0.0,0.0,50.0,2.33,-5.03,0.0,10.22,50.0,13.0,0.0,0.0,0.08045188502935421,0.074747115,0.0,4048.8574000000003,6.698144419999977,91.283
100.0,0.0,100.0,3.73,396.17,0.0,0.0,50.0,2.33,-5.03,0.0,10.22,50.0,13.0,0.0,0.0,0.08045188502935421,0.074747115,0.0,4048.8574000000003,6.727524924999983,91.482
100.0,0.0,100.0,3.73,396.17,0.0,0.0,50.0,2.33,-5.03,0.0,10.22,50.0,13.0,0.0,0.0,0.08045188502935421,0.074747115,0.0,4048.8574000000003,6.6100029049999875,91.684
100.0,0.0,100.0,3.74,402.5,0.0,0.0,50.0,2.33,-4.74,0.0,10.21,50.0,12.0,0.0,0.0,0.08053068217433888,0.074747115,0.0,4109.525000000001,6.6100029049999875,91.884
100.0,0.0,100.0,3.74,402.5,0.0,0.0,50.0,2.33,-4.74,0.0,10.21,50.0,12.0,0.0,0.0,0.08053068217433888,0.074747115,0.0,4109.525000000001,6.6100029049999875,92.082
100.0,0.0,100.0,3.66,403.36,0.0,0.0,50.0,2.33,-2.3,0.0,10.15,50.0,13.0,0.0,0.0,0.07886987536945812,0.072775385,0.0,4094.1040000000003,6.6100029049999875,92.283
100.0,0.0,100.0,3.66,403.36,0.0,0.0,50.0,2.33,-2.3,0.0,10.15,50.0,13.0,0.0,0.0,0.07886987536945812,0.072775385,0.0,4094.1040000000003,6.639383409999979,92.482
100.0,0.0,100.0,3.72,400.63,0.0,0.0,50.0,2.34,-1.01,0.0,10.13,50.0,13.0,0.0,0.0,0.08116665992102666,0.074747115,0.0,4058.3819000000003,6.639383409999979,92.684
100.0,0.0,100.0,3.72,400.63,0.0,0.0,50.0,2.34,-1.01,0.0,10.13,50.0,13.0,0.0,0.0,0.08116665992102666,0.074747115,0.0,4058.3819000000003,6.55124189499999,92.883
100.0,0.0,100.0,3.75,400.49,0.0,0.0,50.0,2.33,2.01,0.0,10.14,50.0,12.0,0.0,0.0,0.08108661390532544,0.074747115,0.0,4060.9686,6.5806223999999816,93.084
100.0,0.0,100.0,3.75,400.49,0.0,0.0,50.0,2.33,2.01,0.0,10.14,50.0,12.0,0.0,0.0,0.08108661390532544,0.074747115,0.0,4060.9686,6.6100029049999875,93.283
100.0,0.0,100.0,3.75,400.49,0.0,0.0,50.0,2.33,2.01,0.0,10.14,50.0,12.0,0.0,0.0,0.08108661390532544,0.074747115,0.0,4060.9686,6.668763914999985,93.483
100.0,0.0,100.0,3.69,404.8,0.0,0.0,50.0,2.34,6.47,0.0,10.16,50.0,12.0,0.0,0.0,0.07879224753937007,0.072775385,0.0,4112.768,6.639383409999979,93.683
100.0,0.0,100.0,3.69,404.8,0.0,0.0,50.0,2.34,6.47,0.0,10.16,50.0,12.0,0.0,0.0,0.07879224753937007,0.072775385,0.0,4112.768,6.5806223999999816,93.883
100.0,0.0,100.0,3.71,403.65,0.0,0.0,50.0,2.33,2.3,0.0,10.17,50.0,13.0,0.0,0.0,0.0808474203539823,0.074747115,0.0,4105.1205,6.5806223999999816,94.085
100.0,0.0,100.0,3.71,403.65,0.0,0.0,50.0,2.33,2.3,0.0,10.17,50.0,13.0,0.0,0.0,0.0808474203539823,0.074747115,0.0,4105.1205,6.698144419999977,94.282
100.0,0.0,100.0,3.7,401.49,0.0,0.0,50.0,2.33,-4.6,0.0,10.13,50.0,12.0,0.0,0.0,0.08116665992102666,0.074747115,0.0,4067.0937000000004,6.756905429999975,94.483
100.0,0.0,100.0,3.7,401.49,0.0,0.0,50.0,2.33,-4.6,0.0,10.13,50.0,12.0,0.0,0.0,0.08116665992102666,0.074747115,0.0,4067.0937000000004,6.727524924999983,94.683
100.0,0.0,100.0,3.7,401.49,0.0,0.0,50.0,2.33,-4.6,0.0,10.13,50.0,12.0,0.0,0.0,0.08116665992102666,0.074747115,0.0,4067.0937000000004,6.668763914999985,94.887
100.0,0.0,100.0,3.64,400.49,0.0,0.0,50.0,2.33,-4.89,0.0,10.13,50.0,13.0,0.0,0.0,0.07902559081934846,0.072775385,0.0,4056.9637000000002,6.639383409999979,95.083
100.0,0.0,100.0,3.64,400.49,0.0,0.0,50.0,2.33,-4.89,0.0,10.13,50.0,13.0,0.0,0.0,0.07902559081934846,0.072775385,0.0,4056.9637000000002,6.698144419999977,95.282
100.0,0.0,100.0,3.69,400.06,0.0,0.0,50.0,2.33,1.87,0.0,10.14,50.0,12.0,0.0,0.0,0.07894765631163707,0.072775385,0.0,4056.6084,6.668763914999985,95.483
100.0,0.0,100.0,3.69,400.06,0.0,0.0,50.0,2.33,1.87,0.0,10.14,50.0,12.0,0.0,0.0,0.07894765631163707,0.072775385,0.0,4056.6084,6.639383409999979,95.686
100.0,0.0,100.0,3.66,397.9,0.0,0.0,50.0,2.34,-5.46,0.0,10.15,50.0,12.0,0.0,0.0,0.07886987536945812,0.072775385,0.0,4038.685,6.5806223999999816,95.883
100.0,0.0,100.0,3.66,397.9,0.0,0.0,50.0,2.34,-5.46,0.0,10.15,50.0,12.0,0.0,0.0,0.07886987536945812,0.072775385,0.0,4038.685,6.6100029049999875,96.083
100.0,0.0,100.0,3.66,400.63,0.0,0.0,50.0,2.34,-3.74,0.0,10.17,50.0,12.0,0.0,0.0,0.07871477236971484,0.072775385,0.0,4074.4071,6.521861389999984,96.283
100.0,0.0,100.0,3.66,400.63,0.0,0.0,50.0,2.34,-3.74,0.0,10.17,50.0,12.0,0.0,0.0,0.07871477236971484,0.072775385,0.0,4074.4071,6.43371987499998,96.487
100.0,0.0,100.0,3.66,400.63,0.0,0.0,50.0,2.34,-3.74,0.0,10.17,50.0,12.0,0.0,0.0,0.07871477236971484,0.072775385,0.0,4074.4071,6.463100379999986,96.682
100.0,0.0,100.0,3.65,402.5,0.0,0.0,50.0,2.34,-0.57,0.0,10.17,50.0,13.0,0.0,0.0,0.07871477236971484,0.072775385,0.0,4093.425,6.463100379999986,96.884
100.0,0.0,100.0,3.65,402.5,0.0,0.0,50.0,2.34,-0.57,0.0,10.17,50.0,13.0,0.0,0.0,0.07871477236971484,0.072775385,0.0,4093.425,6.521861389999984,97.082
100.0,0.0,100.0,3.63,400.34,0.0,0.0,50.0,2.34,0.14,0.0,10.14,50.0,12.0,0.0,0.0,0.07894765631163707,0.072775385,0.0,4059.4476,6.55124189499999,97.289
100.0,0.0,100.0,3.63,400.34,0.0,0.0,50.0,2.34,0.14,0.0,10.14,50.0,12.0,0.0,0.0,0.07894765631163707,0.072775385,0.0,4059.4476,6.463100379999986,97.482
100.0,0.0,100.0,3.61,403.22,0.0,0.0,50.0,2.34,-7.91,0.0,10.15,50.0,13.0,0.0,0.0,0.07886987536945812,0.072775385,0.0,4092.6830000000004,6.55124189499999,97.683
100.0,0.0,100.0,3.61,403.22,0.0,0.0,50.0,2.34,-7.91,0.0,10.15,50.0,13.0,0.0,0.0,0.07886987536945812,0.072775385,0.0,4092.6830000000004,6.521861389999984,97.882
100.0,0.0,100.0,3.62,402.93,0.0,0.0,50.0,2.34,-2.01,0.0,10.16,50.0,13.0,0.0,0.0,0.07879224753937007,0.072775385,0.0,4093.7688000000003,6.492480884999978,98.089
100.0,0.0,100.0,3.62,402.93,0.0,0.0,50.0,2.34,-2.01,0.0,10.16,50.0,13.0,0.0,0.0,0.07879224753937007,0.072775385,0.0,4093.7688000000003,6.492480884999978,98.282
100.0,0.0,100.0,3.62,402.93,0.0,0.0,50.0,2.34,-2.01,0.0,10.16,50.0,13.0,0.0,0.0,0.07879224753937007,0.072775385,0.0,4093.7688000000003,6.463100379999986,98.482
100.0,0.0,100.0,3.62,403.08,0.0,0.0,50.0,2.34,-5.75,0.0,10.17,50.0,12.0,0.0,0.0,0.07871477236971484,0.072775385,0.0,4099.3236,6.43371987499998,98.684
100.0,0.0,100.0,3.62,403.08,0.0,0.0,50.0,2.34,-5.75,0.0,10.17,50.0,12.0,0.0,0.0,0.07871477236971484,0.072775385,0.0,4099.3236,6.43371987499998,98.887
100.0,0.0,100.0,3.71,405.09,0.0,0.0,50.0,2.33,-3.74,0.0,10.24,50.0,12.0,0.0,0.0,0.08029475244140626,0.074747115,0.0,4148.1215999999995,6.43371987499998,99.083
100.0,0.0,100.0,3.71,405.09,0.0,0.0,50.0,2.33,-3.74,0.0,10.24,50.0,12.0,0.0,0.0,0.08029475244140626,0.074747115,0.0,4148.1215999999995,6.492480884999978,99.283
100.0,0.0,100.0,3.67,401.49,0.0,0.0,50.0,2.33,-4.31,0.0,10.21,50.0,13.0,0.0,0.0,0.07840638932419196,0.072775385,0.0,4099.2129,6.463100379999986,99.484
100.0,0.0,100.0,3.67,401.49,0.0,0.0,50.0,2.33,-4.31,0.0,10.21,50.0,13.0,0.0,0.0,0.07840638932419196,0.072775385,0.0,4099.2129,6.55124189499999,99.687
100.0,0.0,100.0,3.67,401.49,0.0,0.0,50.0,2.33,-4.31,0.0,10.21,50.0,13.0,0.0,0.0,0.07840638932419196,0.072775385,0.0,4099.2129,6.55124189499999,99.883
100.0,0.0,100.0,3.66,400.63,0.0,0.0,50.0,2.33,1.44,0.0,10.19,50.0,12.0,0.0,0.0,0.07856027821393523,0.072775385,0.0,4082.4197,6.521861389999984,100.086
100.0,0.0,100.0,3.66,400.63,0.0,0.0,50.0,2.33,1.44,0.0,10.19,50.0,12.0,0.0,0.0,0.07856027821393523,0.072775385,0.0,4082.4197,6.463100379999986,100.283
100.0,0.0,100.0,3.59,401.21,0.0,0.0,50.0,2.33,-4.31,0.0,10.16,50.0,13.0,0.0,0.0,0.07665458484251968,0.070800962,0.0,4076.2936,6.374958864999982,100.489
100.0,0.0,100.0,3.59,401.21,0.0,0.0,50.0,2.33,-4.31,0.0,10.16,50.0,13.0,0.0,0.0,0.07665458484251968,0.070800962,0.0,4076.2936,6.404339369999988,100.682
100.0,0.0,100.0,3.51,404.23,0.0,0.0,50.0,2.33,6.04,0.0,10.14,50.0,13.0,0.0,0.0,0.07680577731755424,0.070800962,0.0,4098.8922,6.463100379999986,100.883
100.0,0.0,100.0,3.51,404.23,0.0,0.0,50.0,2.33,6.04,0.0,10.14,50.0,13.0,0.0,0.0,0.07680577731755424,0.070800962,0.0,4098.8922,6.463100379999986,101.082
100.0,0.0,100.0,3.47,403.65,0.0,0.0,50.0,2.33,-4.31,0.0,10.18,50.0,12.0,0.0,0.0,0.07436761355599214,0.068823846,0.0,4109.156999999999,6.374958864999982,101.289
100.0,0.0,100.0,3.47,403.65,0.0,0.0,50.0,2.33,-4.31,0.0,10.18,50.0,12.0,0.0,0.0,0.07436761355599214,0.068823846,0.0,4109.156999999999,6.374958864999982,101.483
100.0,0.0,100.0,3.47,403.65,0.0,0.0,50.0,2.33,-4.31,0.0,10.18,50.0,12.0,0.0,0.0,0.07436761355599214,0.068823846,0.0,4109.156999999999,6.463100379999986,101.682
100.0,0.0,100.0,3.49,400.49,0.0,0.0,50.0,2.33,-2.88,0.0,10.19,50.0,12.0,0.0,0.0,0.07429463258096172,0.068823846,0.0,4080.9930999999997,6.463100379999986,101.884
100.0,0.0,100.0,3.49,400.49,0.0,0.0,50.0,2.33,-2.88,0.0,10.19,50.0,12.0,0.0,0.0,0.07429463258096172,0.068823846,0.0,4080.9930999999997,6.492480884999978,102.087
100.0,0.0,100.0,3.59,406.81,0.0,0.0,50.0,2.34,1.73,0.0,10.18,50.0,13.0,0.0,0.0,0.07650398644400785,0.070800962,0.0,4141.3258,6.463100379999986,102.284
100.0,0.0,100.0,3.59,406.81,0.0,0.0,50.0,2.34,1.73,0.0,10.18,50.0,13.0,0.0,0.0,0.07650398644400785,0.070800962,0.0,4141.3258,6.404339369999988,102.484
100.0,0.0,100.0,3.55,398.62,0.0,0.0,50.0,2.33,6.32,0.0,10.16,50.0,12.0,0.0,0.0,0.07665458484251968,0.070800962,0.0,4049.9792,6.374958864999982,102.683
0.0,100.0,56.0,3.55,398.62,0.0,0.0,50.0,2.33,6.32,0.0,10.16,50.0,12.0,0.0,0.0,0.0,0.0,0.0,4049.9792,6.34557835999999,0.025
0.0,100.0,55.0,3.65,405.23,0.0,0.0,50.0,2.33,-3.02,0.0,10.15,-128.0,13.0,95.0,0.0,0.3429111709359605,0.0,0.23203655899999998,4113.0845,6.257436844999987,0.215
0.0,100.0,55.0,3.65,405.23,0.0,0.0,50.0,2.33,-3.02,0.0,10.15,-128.0,13.0,95.0,0.0,0.3429111709359605,0.0,0.23203655899999998,4113.0845,6.169295329999983,0.413
0.0,100.0,53.0,3.65,405.23,0.0,0.0,50.0,2.33,-3.02,0.0,10.15,-128.0,13.0,95.0,0.0,0.3429111709359605,0.0,0.23203655899999998,4113.0845,6.286817349999978,0.614
0.0,100.0,52.0,3.52,236.04,0.57,0.0,0.0,3.1,720.76,24.0,10.24,-128.0,16.0,95.0,0.0,0.44946062695312494,0.0,0.306831788,2417.0496,6.34557835999999,0.815
0.0,99.0,49.0,3.52,236.04,0.57,0.0,0.0,3.1,720.76,24.0,10.24,-128.0,16.0,95.0,0.0,0.44946062695312494,0.0,0.306831788,2417.0496,6.374958864999982,1.013
0.0,99.0,47.0,3.26,216.77,1.29,0.0,0.0,4.03,717.74,24.0,10.37,-128.0,16.0,95.0,0.0,52.52252422854388,0.0,36.31057175,2247.9049,6.374958864999982,1.214
0.0,99.0,44.0,3.26,216.77,1.29,0.0,0.0,4.03,717.74,24.0,10.37,-128.0,16.0,95.0,0.0,52.52252422854388,0.0,36.31057175,2247.9049,6.34557835999999,1.414
0.0,98.0,41.0,3.11,174.23,2.02,0.0,0.0,4.98,711.28,24.0,10.49,-128.0,15.0,94.0,0.0,135.29191964728312,0.0,94.61414914,1827.6726999999998,6.404339369999988,1.614
0.0,98.0,38.0,3.11,174.23,2.02,0.0,0.0,4.98,711.28,24.0,10.49,-128.0,15.0,94.0,0.0,135.29191964728312,0.0,94.61414914,1827.6726999999998,6.43371987499998,1.813
0.0,98.0,35.0,3.11,174.23,2.02,0.0,0.0,4.98,711.28,24.0,10.49,-128.0,15.0,94.0,0.0,135.29191964728312,0.0,94.61414914,1827.6726999999998,6.43371987499998,2.013
0.0,97.0,31.0,2.73,153.52,2.76,0.0,0.0,5.83,715.3,24.0,10.61,-128.0,15.0,93.0,0.0,193.24391691800187,0.0,136.6878639,1628.8472,6.43371987499998,2.214
0.0,96.0,28.0,2.73,153.52,2.76,0.0,0.0,5.83,715.3,24.0,10.61,-128.0,15.0,93.0,0.0,193.24391691800187,0.0,136.6878639,1628.8472,6.374958864999982,2.413
0.0,96.0,25.0,2.47,134.26,2.79,0.0,0.0,5.83,708.4,24.0,10.64,-128.0,14.0,92.0,0.0,190.3767346804511,0.0,135.0405638,1428.5264,6.31619785499997,2.616
0.0,95.0,20.0,2.47,134.26,2.79,0.0,0.0,5.83,708.4,24.0,10.64,-128.0,14.0,92.0,0.0,190.3767346804511,0.0,135.0405638,1428.5264,6.286817349999978,2.813
0.0,94.0,18.0,2.28,90.27,2.78,0.0,0.0,5.73,714.01,24.0,10.64,-128.0,14.0,91.0,0.0,188.05441311090226,0.0,133.3932637,960.4728,6.198675834999989,3.014
0.0,93.0,16.0,2.28,90.27,2.78,0.0,0.0,5.73,714.01,24.0,10.64,-128.0,14.0,91.0,0.0,188.05441311090226,0.0,133.3932637,960.4728,6.257436844999987,3.214
0.0,93.0,14.0,2.28,90.27,2.78,0.0,0.0,5.73,714.01,24.0,10.64,-128.0,14.0,91.0,0.0,188.05441311090226,0.0,133.3932637,960.4728,6.198675834999989,3.413
0.0,92.0,12.0,2.1,79.93,2.87,0.0,0.0,5.7,722.34,24.0,10.66,-128.0,14.0,89.0,0.0,182.92116796435272,0.0,129.9959767,852.0538000000001,6.286817349999978,3.614
0.0,91.0,12.0,2.1,79.93,2.87,0.0,0.0,5.7,722.34,24.0,10.66,-128.0,14.0,89.0,0.0,182.92116796435272,0.0,129.9959767,852.0538000000001,6.286817349999978,3.814
0.0,90.0,11.0,2.09,46.0,2.99,0.0,0.0,5.71,704.23,24.0,10.67,-128.0,15.0,88.0,0.0,186.90254718837863,0.0,132.9500119,490.82,6.31619785499997,4.015
0.0,89.0,11.0,2.09,46.0,2.99,0.0,0.0,5.71,704.23,24.0,10.67,-128.0,15.0,88.0,0.0,186.90254718837863,0.0,132.9500119,490.82,6.31619785499997,4.213
0.0,88.0,12.0,2.2,51.75,3.23,0.0,0.0,5.77,708.54,24.0,10.71,-128.0,16.0,86.0,0.0,196.02012198879547,0.0,139.95836709999998,554.2425000000001,6.404339369999988,4.415
0.0,88.0,13.0,2.2,51.75,3.23,0.0,0.0,5.77,708.54,24.0,10.71,-128.0,16.0,86.0,0.0,196.02012198879547,0.0,139.95836709999998,554.2425000000001,6.492480884999978,4.613
0.0,87.0,15.0,2.2,51.75,3.23,0.0,0.0,5.77,708.54,24.0,10.71,-128.0,16.0,86.0,0.0,196.02012198879547,0.0,139.95836709999998,554.2425000000001,6.492480884999978,4.814
0.0,86.0,17.0,2.31,38.38,3.41,0.0,0.0,5.81,715.44,24.0,10.77,-128.0,14.0,85.0,0.0,198.58684359331477,0.0,142.58535369999998,413.3526,6.492480884999978,5.014
0.0,85.0,19.0,2.31,38.38,3.41,0.0,0.0,5.81,715.44,24.0,10.77,-128.0,14.0,85.0,0.0,198.58684359331477,0.0,142.58535369999998,413.3526,6.43371987499998,5.214
0.0,83.0,23.0,2.41,65.12,3.5,0.0,0.0,5.87,698.77,24.0,10.79,-128.0,14.0,83.0,0.0,196.62609536607974,0.0,141.4397046,702.6448,6.463100379999986,5.414
0.0,82.0,26.0,2.41,65.12,3.5,0.0,0.0,5.87,698.77,24.0,10.79,-128.0,14.0,83.0,0.0,196.62609536607974,0.0,141.4397046,702.6448,6.6100029049999875,5.613
0.0,81.0,30.0,2.47,60.66,3.56,0.0,0.0,5.85,697.04,24.0,10.82,-128.0,14.0,80.0,0.0,191.28307527726435,0.0,137.9788583,656.3412,6.55124189499999,5.821
0.0,80.0,33.0,2.47,60.66,3.56,0.0,0.0,5.85,697.04,24.0,10.82,-128.0,14.0,80.0,0.0,191.28307527726435,0.0,137.9788583,656.3412,6.6100029049999875,6.014
0.0,79.0,36.0,2.47,60.66,3.56,0.0,0.0,5.85,697.04,24.0,10.82,-128.0,14.0,80.0,0.0,191.28307527726435,0.0,137.9788583,656.3412,6.668763914999985,6.214
1.0,78.0,40.0,2.4,85.39,3.58,0.0,0.0,5.84,693.74,24.0,10.85,-128.0,14.0,79.0,0.0,189.15932198156685,0.0,136.8252429,926.4815,6.756905429999975,6.415
2.0,77.0,43.0,2.4,85.39,3.58,0.0,0.0,5.84,693.74,24.0,10.85,-128.0,14.0,79.0,0.0,189.15932198156685,0.0,136.8252429,926.4815,6.756905429999975,6.618
4.0,76.0,46.0,2.29,120.46,3.64,0.0,0.0,5.83,678.5,24.0,10.81,-128.0,15.0,77.0,0.0,187.52843658649402,0.0,135.14549330000003,1302.1726,6.698144419999977,6.817
6.0,75.0,48.0,2.29,120.46,3.64,0.0,0.0,5.83,678.5,24.0,10.81,-128.0,15.0,77.0,0.0,187.52843658649402,0.0,135.14549330000003,1302.1726,6.698144419999977,7.013
9.0,74.0,51.0,2.13,157.69,3.68,0.0,0.0,5.8,673.04,24.0,10.81,-128.0,15.0,75.0,0.0,184.3109980743756,0.002974244,132.8246115,1704.6289000000002,6.786285934999981,7.215
12.0,73.0,53.0,2.13,157.69,3.68,0.0,0.0,5.8,673.04,24.0,10.81,-128.0,15.0,75.0,0.0,184.31222194190565,0.004176972,132.8246115,1704.6289000000002,6.756905429999975,7.419
15.0,72.0,54.0,2.13,157.69,3.68,0.0,0.0,5.8,673.04,24.0,10.81,-128.0,15.0,75.0,0.0,184.31344580841812,0.005379699,132.8246115,1704.6289000000002,6.786285934999981,7.613
19.0,71.0,55.0,2.02,166.18,3.69,0.0,0.0,5.87,686.26,24.0,10.79,-128.0,14.0,73.0,0.0,177.19082423493975,0.006679545,127.4543679,1793.0821999999998,6.727524924999983,7.814
25.0,70.0,56.0,2.02,166.18,3.69,0.0,0.0,5.87,686.26,24.0,10.79,-128.0,14.0,73.0,0.0,177.193159731696,0.008970455,127.4543679,1793.0821999999998,6.727524924999983,8.014
29.0,69.0,56.0,2.21,200.82,3.76,0.0,0.0,5.91,681.81,24.0,10.69,-128.0,14.0,71.0,0.0,171.61709183816654,0.01148425,122.29735900000001,2146.7657999999997,6.698144419999977,8.22
34.0,68.0,56.0,2.21,200.82,3.76,0.0,0.0,5.91,681.81,24.0,10.69,-128.0,14.0,71.0,0.0,171.61929172909265,0.013622144,122.29735900000001,2146.7657999999997,6.668763914999985,8.414
0.0,0.0,0.0,2.43,238.34,3.73,0.0,0.0,6.01,666.28,24.0,10.64,-128.0,14.0,69.0,0.0,164.86619957706765,0.0,116.9450909,2535.9376,6.698144419999977,8.615
0.0,0.0,0.0,2.43,238.34,3.73,0.0,0.0,6.01,666.28,24.0,10.64,-128.0,14.0,69.0,0.0,164.86619957706765,0.0,116.9450909,2535.9376,6.756905429999975,8.814
0.0,0.0,0.0,2.66,145.04,3.69,0.0,0.0,5.99,676.34,24.0,10.59,-128.0,14.0,0.0,0.0,0.0,0.0,0.0,1535.9735999999998,6.874427449999985,9.02
0.0,0.0,0.0,2.66,145.04,3.69,0.0,0.0,5.99,676.34,24.0,10.59,-128.0,14.0,0.0,0.0,0.0,0.0,0.0,1535.9735999999998,6.874427449999985,9.214
0.0,0.0,0.0,2.66,145.04,3.69,0.0,0.0,5.99,676.34,24.0,10.59,-128.0,14.0,0.0,0.0,0.0,0.0,0.0,1535.9735999999998,6.9331884599999825,9.413
0.0,0.0,0.0,2.84,12.79,3.61,0.0,0.0,5.92,666.42,24.0,10.58,-128.0,16.0,0.0,0.0,0.0,0.0,0.0,135.3182,6.9331884599999825,9.614
0.0,0.0,0.0,2.84,12.79,3.61,0.0,0.0,5.92,666.42,24.0,10.58,-128.0,16.0,0.0,0.0,0.0,0.0,0.0,135.3182,6.9038079549999765,9.818
0.0,0.0,0.0,2.79,5.18,3.39,0.0,0.0,5.88,657.22,24.0,10.69,-128.0,16.0,0.0,0.0,0.0,0.0,0.0,55.374199999999995,6.9038079549999765,10.016
0.0,0.0,0.0,2.79,5.18,3.39,0.0,0.0,5.88,657.22,24.0,10.69,-128.0,16.0,0.0,0.0,0.0,0.0,0.0,55.374199999999995,6.9331884599999825,10.214
0.0,0.0,0.0,2.69,11.64,3.22,0.0,0.0,5.78,665.13,24.0,10.69,-128.0,14.0,0.0,0.0,0.0,0.0,0.0,124.4316,6.9038079549999765,10.414
0.0,0.0,0.0,2.69,11.64,3.22,0.0,0.0,5.78,665.13,24.0,10.69,-128.0,14.0,0.0,0.0,0.0,0.0,0.0,124.4316,6.815666439999987,10.618
0.0,0.0,0.0,2.69,11.64,3.22,0.0,0.0,5.78,665.13,24.0,10.69,-128.0,14.0,0.0,0.0,0.0,0.0,0.0,124.4316,6.845046944999979,10.815
0.0,0.0,0.0,2.58,7.62,3.02,0.0,0.0,5.82,664.27,24.0,10.72,-128.0,14.0,0.0,0.0,0.0,0.0,0.0,81.6864,6.9331884599999825,11.014
0.0,0.0,0.0,2.58,7.62,3.02,0.0,0.0,5.82,664.27,24.0,10.72,-128.0,14.0,0.0,0.0,0.0,0.0,0.0,81.6864,6.874427449999985,11.213
0.0,0.0,0.0,2.49,7.04,2.77,0.0,0.0,5.84,656.79,24.0,10.66,-128.0,15.0,0.0,0.0,0.0,0.0,0.0,75.0464,6.962568964999974,11.42
0.0,0.0,0.0,2.49,7.04,2.77,0.0,0.0,5.84,656.79,24.0,10.66,-128.0,15.0,0.0,0.0,0.0,0.0,0.0,75.0464,6.9919494699999944,11.614
0.0,0.0,0.0,2.42,8.19,2.47,0.0,0.0,5.83,647.31,24.0,10.61,-128.0,15.0,0.0,0.0,0.0,0.0,0.0,86.89589999999998,6.9919494699999944,11.814
0.0,0.0,0.0,2.42,8.19,2.47,0.0,0.0,5.83,647.31,24.0,10.61,-128.0,15.0,0.0,0.0,0.0,0.0,0.0,86.89589999999998,6.9331884599999825,12.013
0.0,0.0,0.0,2.42,8.19,2.47,0.0,0.0,5.83,647.31,24.0,10.61,-128.0,15.0,0.0,0.0,0.0,0.0,0.0,86.89589999999998,6.9331884599999825,12.217
0.0,0.0,0.0,2.35,21.27,2.03,0.0,0.0,5.86,648.46,24.0,10.48,-128.0,14.0,0.0,0.0,0.0,0.0,0.0,222.9096,6.9919494699999944,12.415
0.0,0.0,0.0,2.35,21.27,2.03,0.0,0.0,5.86,648.46,24.0,10.48,-128.0,14.0,0.0,0.0,0.0,0.0,0.0,222.9096,6.9919494699999944,12.614
0.0,0.0,0.0,2.39,3.88,1.47,0.0,0.0,5.83,655.36,24.0,10.38,-128.0,14.0,0.0,0.0,15.14638975433526,0.0,10.48130171,40.2744,7.021329974999986,12.815
0.0,0.0,0.0,2.39,3.88,1.47,0.0,0.0,5.83,655.36,24.0,10.38,-128.0,14.0,0.0,0.0,15.14638975433526,0.0,10.48130171,40.2744,6.9919494699999944,13.015
0.0,0.0,0.0,2.36,9.2,0.9,0.0,0.0,5.82,664.7,24.0,10.34,-128.0,15.0,0.0,0.0,28.777061416827852,0.0,19.83698767,95.12799999999999,6.962568964999974,13.214
0.0,0.0,0.0,2.36,9.2,0.9,0.0,0.0,5.82,664.7,24.0,10.34,-128.0,15.0,0.0,0.0,28.777061416827852,0.0,19.83698767,95.12799999999999,6.9038079549999765,13.414
0.0,0.0,0.0,2.39,6.04,0.44,0.0,0.0,5.82,643.57,24.0,10.26,-128.0,14.0,0.0,0.0,24.336541827485377,0.0,16.64619461,61.9704,6.9331884599999825,13.615
0.0,0.0,0.0,2.39,6.04,0.44,0.0,0.0,5.82,643.57,24.0,10.26,-128.0,14.0,0.0,0.0,24.336541827485377,0.0,16.64619461,61.9704,7.021329974999986,13.813
0.0,0.0,0.0,2.39,6.04,0.44,0.0,0.0,5.82,643.57,24.0,10.26,-128.0,14.0,0.0,0.0,24.336541827485377,0.0,16.64619461,61.9704,7.050710479999992,14.014
0.0,0.0,0.0,2.41,11.21,0.14,0.0,0.0,5.88,633.08,24.0,10.32,-128.0,15.0,0.0,0.0,4.2033484505813945,0.0,2.8919037339999996,115.68720000000002,7.138851994999982,14.214
0.0,0.0,0.0,2.41,11.21,0.14,0.0,0.0,5.88,633.08,24.0,10.32,-128.0,15.0,0.0,0.0,4.2033484505813945,0.0,2.8919037339999996,115.68720000000002,7.285754519999983,14.414
0.0,0.0,0.0,2.39,2.44,0.01,0.0,0.0,5.91,654.78,24.0,10.32,-128.0,14.0,0.0,0.0,0.0,0.0,0.0,25.1808,7.403276539999979,14.614
0.0,0.0,0.0,2.39,2.44,0.01,0.0,0.0,5.91,654.78,24.0,10.32,-128.0,14.0,0.0,0.0,0.0,0.0,0.0,25.1808,7.344515529999981,14.815
0.0,0.0,0.0,2.36,12.65,0.0,0.0,0.0,6.01,632.79,24.0,10.37,-128.0,15.0,0.0,0.0,0.0,0.0,0.0,131.1805,7.373896034999973,15.015
0.0,0.0,0.0,2.36,12.65,0.0,0.0,0.0,6.01,632.79,24.0,10.37,-128.0,15.0,0.0,0.0,0.0,0.0,0.0,131.1805,7.520798559999989,15.215
0.0,0.0,0.0,2.36,12.65,0.0,0.0,0.0,6.01,632.79,24.0,10.37,-128.0,15.0,0.0,0.0,0.0,0.0,0.0,131.1805,7.462037549999991,15.414
0.0,0.0,0.0,2.32,10.35,0.0,0.0,0.0,6.01,655.5,24.0,10.36,-128.0,15.0,0.0,0.0,0.0,0.0,0.0,107.22599999999998,7.520798559999989,15.615
0.0,0.0,0.0,2.32,10.35,0.0,0.0,0.0,6.01,655.5,24.0,10.36,-128.0,15.0,0.0,0.0,0.0,0.0,0.0,107.22599999999998,7.75584259999998,15.813
0.0,0.0,0.0,2.31,5.46,0.0,0.0,0.0,5.97,640.26,24.0,10.34,-128.0,14.0,0.0,0.0,0.0,0.0,0.0,56.4564,7.902745124999981,16.014
0.0,0.0,0.0,2.31,5.46,0.0,0.0,0.0,5.97,640.26,24.0,10.34,-128.0,14.0,0.0,0.0,0.0,0.0,0.0,56.4564,7.902745124999981,16.214
0.0,0.0,0.0,2.29,8.91,0.0,0.0,0.0,5.96,635.81,24.0,10.34,-128.0,14.0,0.0,0.0,0.0,0.0,0.0,92.1294,7.87336461999999,16.416
0.0,0.0,0.0,2.29,8.91,0.0,0.0,0.0,5.96,635.81,24.0,10.34,-128.0,14.0,0.0,0.0,0.0,0.0,0.0,92.1294,7.932125629999987,16.613
0.0,0.0,0.0,2.23,9.34,0.0,0.0,0.0,5.85,626.46,24.0,10.29,-128.0,15.0,0.0,0.0,0.0,0.0,0.0,96.1086,7.87336461999999,16.815
0.0,0.0,0.0,2.23,9.34,0.0,0.0,0.0,5.85,626.46,24.0,10.29,-128.0,15.0,0.0,0.0,0.0,0.0,0.0,96.1086,7.87336461999999,17.014
0.0,0.0,0.0,2.23,9.34,0.0,0.0,0.0,5.85,626.46,24.0,10.29,-128.0,15.0,0.0,0.0,0.0,0.0,0.0,96.1086,7.961506134999979,17.214
0.0,0.0,0.0,2.17,10.35,0.0,0.0,0.0,5.8,636.38,24.0,10.29,-128.0,14.0,0.0,0.0,0.0,0.0,0.0,106.5015,7.902745124999981,17.414
0.0,0.0,0.0,2.17,10.35,0.0,0.0,0.0,5.8,636.38,24.0,10.29,-128.0,14.0,0.0,0.0,0.0,0.0,0.0,106.5015,7.75584259999998,17.614
0.0,0.0,0.0,2.16,13.51,0.0,0.0,0.0,5.78,633.79,24.0,10.3,-128.0,15.0,0.0,0.0,0.0,0.0,0.0,139.15300000000002,7.785223104999986,17.814
0.0,0.0,0.0,2.16,13.51,0.0,0.0,0.0,5.78,633.79,24.0,10.3,-128.0,15.0,0.0,0.0,0.0,0.0,0.0,139.15300000000002,7.726462094999988,18.017
0.0,0.0,0.0,2.1,9.63,0.0,0.0,0.0,5.78,643.28,24.0,10.27,-128.0,15.0,0.0,0.0,0.0,0.0,0.0,98.90010000000001,7.63832057999997,18.214
0.0,0.0,0.0,2.1,9.63,0.0,0.0,0.0,5.78,643.28,24.0,10.27,-128.0,15.0,0.0,0.0,0.0,0.0,0.0,98.90010000000001,7.491418054999983,18.413
0.0,0.0,0.0,2.1,9.63,0.0,0.0,0.0,5.78,643.28,24.0,10.27,-128.0,15.0,0.0,0.0,0.0,0.0,0.0,98.90010000000001,7.373896034999973,18.613
0.0,0.0,0.0,2.09,7.76,0.01,0.0,0.0,5.84,625.89,24.0,10.29,-128.0,15.0,0.0,0.0,0.0,0.0,0.0,79.8504,7.403276539999979,18.819
0.0,0.0,0.0,2.09,7.76,0.01,0.0,0.0,5.84,625.89,24.0,10.29,-128.0,15.0,0.0,0.0,0.0,0.0,0.0,79.8504,7.432657044999985,19.013
0.0,0.0,0.0,2.09,9.06,0.01,0.0,0.0,5.88,621.14,24.0,10.26,-128.0,14.0,0.0,0.0,0.0,0.0,0.0,92.9556,7.373896034999973,19.214
0.0,0.0,0.0,2.09,9.06,0.01,0.0,0.0,5.88,621.14,24.0,10.26,-128.0,14.0,0.0,0.0,0.0,0.0,0.0,92.9556,7.373896034999973,19.413
0.0,0.0,0.0,2.09,9.34,0.0,0.0,0.0,5.86,621.86,24.0,10.26,-128.0,14.0,0.0,0.0,0.0,0.0,0.0,95.8284,7.256374014999992,19.619
0.0,0.0,0.0,2.09,9.34,0.0,0.0,0.0,5.86,621.86,24.0,10.26,-128.0,14.0,0.0,0.0,0.0,0.0,0.0,95.8284,7.109471489999976,19.814
0.0,0.0,0.0,2.09,9.34,0.0,0.0,0.0,5.86,621.86,24.0,10.26,-128.0,14.0,0.0,0.0,0.0,0.0,0.0,95.8284,7.080090984999984,20.013
0.0,0.0,0.0,2.13,9.92,0.0,0.0,0.0,5.8,627.76,24.0,10.33,-128.0,14.0,0.0,0.0,0.0,0.0,0.0,102.4736,6.9038079549999765,20.214
0.0,0.0,0.0,2.13,9.92,0.0,0.0,0.0,5.8,627.76,24.0,10.33,-128.0,14.0,0.0,0.0,0.0,0.0,0.0,102.4736,6.786285934999981,20.418
0.0,0.0,0.0,2.16,8.34,0.0,0.0,0.0,5.79,637.96,24.0,10.34,-128.0,15.0,0.0,0.0,0.0,0.0,0.0,86.23559999999999,6.668763914999985,20.614
0.0,0.0,0.0,2.16,8.34,0.0,0.0,0.0,5.79,637.96,24.0,10.34,-128.0,15.0,0.0,0.0,0.0,0.0,0.0,86.23559999999999,6.639383409999979,20.814
0.0,0.0,0.0,2.15,6.47,0.0,0.0,0.0,5.79,619.56,24.0,10.36,-128.0,14.0,0.0,0.0,0.0,0.0,0.0,67.02919999999999,6.698144419999977,21.014
0.0,0.0,0.0,2.15,6.47,0.0,0.0,0.0,5.79,619.56,24.0,10.36,-128.0,14.0,0.0,0.0,0.0,0.0,0.0,67.02919999999999,6.727524924999983,21.217
0.0,0.0,0.0,2.11,14.52,0.0,0.0,0.0,5.82,626.03,24.0,10.41,-128.0,14.0,0.0,0.0,0.0,0.0,0.0,151.1532,6.9331884599999825,21.414
0.0,0.0,0.0,2.11,14.52,0.0,0.0,0.0,5.82,626.03,24.0,10.41,-128.0,14.0,0.0,0.0,0.0,0.0,0.0,151.1532,7.021329974999986,21.613
0.0,0.0,0.0,2.11,14.52,0.0,0.0,0.0,5.82,626.03,24.0,10.41,-128.0,14.0,0.0,0.0,0.0,0.0,0.0,151.1532,6.9331884599999825,21.813
0.0,0.0,0.0,2.05,6.18,0.0,0.0,0.0,5.85,614.67,24.0,10.39,-128.0,15.0,0.0,0.0,0.0,0.0,0.0,64.2102,6.786285934999981,22.019
0.0,0.0,0.0,2.05,6.18,0.0,0.0,0.0,5.85,614.67,24.0,10.39,-128.0,15.0,0.0,0.0,0.0,0.0,0.0,64.2102,6.9331884599999825,22.213
0.0,0.0,0.0,2.02,7.19,0.0,0.0,0.0,5.82,623.01,24.0,10.41,-128.0,16.0,0.0,0.0,0.0,0.0,0.0,74.84790000000001,7.109471489999976,22.414
0.0,0.0,0.0,2.02,7.19,0.0,0.0,0.0,5.82,623.01,24.0,10.41,-128.0,16.0,0.0,0.0,0.0,0.0,0.0,74.84790000000001,7.080090984999984,22.614
0.0,0.0,0.0,2.01,16.39,0.0,0.0,0.0,5.85,609.07,24.0,10.41,-128.0,14.0,0.0,0.0,0.0,0.0,0.0,170.6199,7.285754519999983,22.82
0.0,0.0,0.0,2.01,16.39,0.0,0.0,0.0,5.85,609.07,24.0,10.41,-128.0,14.0,0.0,0.0,0.0,0.0,0.0,170.6199,7.168232499999974,23.013
0.0,0.0,0.0,2.01,16.39,0.0,0.0,0.0,5.85,609.07,24.0,10.41,-128.0,14.0,0.0,0.0,0.0,0.0,0.0,170.6199,7.432657044999985,23.213
0.0,0.0,0.0,2.0,10.21,0.0,0.0,0.0,5.89,615.97,24.0,10.34,-128.0,14.0,0.0,0.0,0.0,0.0,0.0,105.57140000000001,7.843984114999984,23.414
0.0,0.0,0.0,2.0,10.21,0.0,0.0,0.0,5.89,615.97,24.0,10.34,-128.0,14.0,0.0,0.0,0.0,0.0,0.0,105.57140000000001,8.314072194999994,23.618
0.0,0.0,0.0,1.99,10.35,0.0,0.0,0.0,5.88,614.67,24.0,10.36,-128.0,14.0,0.0,0.0,0.0,0.0,0.0,107.22599999999998,8.431594214999976,23.814
0.0,0.0,0.0,1.99,10.35,0.0,0.0,0.0,5.88,614.67,24.0,10.36,-128.0,14.0,0.0,0.0,0.0,0.0,0.0,107.22599999999998,8.78416027499999,24.013
0.0,0.0,0.0,1.99,15.09,0.0,0.0,0.0,5.93,616.83,24.0,10.34,-128.0,15.0,0.0,0.0,0.0,0.0,0.0,156.0306,9.107345829999986,24.215
0.0,0.0,0.0,1.99,15.09,0.0,0.0,0.0,5.93,616.83,24.0,10.34,-128.0,15.0,0.0,0.0,0.0,0.0,0.0,156.0306,9.371770374999983,24.416
0.0,0.0,0.0,1.99,11.64,0.0,0.0,0.0,5.97,624.16,24.0,10.38,-128.0,14.0,0.0,0.0,0.0,0.0,0.0,120.82320000000001,9.636194919999994,24.614
0.0,0.0,0.0,1.99,11.64,0.0,0.0,0.0,5.97,624.16,24.0,10.38,-128.0,14.0,0.0,0.0,0.0,0.0,0.0,120.82320000000001,9.812477949999973,24.814
0.0,0.0,0.0,1.99,11.64,0.0,0.0,0.0,5.97,624.16,24.0,10.38,-128.0,14.0,0.0,0.0,0.0,0.0,0.0,120.82320000000001,10.076902494999985,25.013
0.0,0.0,0.0,2.0,13.37,0.0,0.0,0.0,6.01,610.79,24.0,10.44,-128.0,14.0,0.0,0.0,0.0,0.0,0.0,139.5828,10.341327039999982,25.216
0.0,0.0,0.0,2.0,13.37,0.0,0.0,0.0,6.01,610.79,24.0,10.44,-128.0,14.0,0.0,0.0,0.0,0.0,0.0,139.5828,10.752654109999995,25.413
0.0,0.0,0.0,2.01,13.8,0.0,0.0,0.0,6.01,612.52,24.0,10.44,-128.0,14.0,0.0,0.0,0.0,0.0,0.0,144.072,10.958317644999994,25.615
0.0,0.0,0.0,2.01,13.8,0.0,0.0,0.0,6.01,612.52,24.0,10.44,-128.0,14.0,0.0,0.0,0.0,0.0,0.0,144.072,11.222742189999991,25.813
0.0,0.0,0.0,2.04,10.78,0.0,0.0,0.0,6.01,623.01,24.0,10.44,-128.0,15.0,0.0,0.0,0.0,0.0,0.0,112.54319999999998,11.545927744999986,26.014
0.0,0.0,0.0,2.04,10.78,0.0,0.0,0.0,6.01,623.01,24.0,10.44,-128.0,15.0,0.0,0.0,0.0,0.0,0.0,112.54319999999998,12.045396329999974,26.213
0.0,0.0,0.0,2.04,10.78,0.0,0.0,0.0,6.01,623.01,24.0,10.44,-128.0,15.0,0.0,0.0,0.0,0.0,0.0,112.54319999999998,12.456723399999973,26.414
0.0,0.0,0.0,2.04,14.23,0.0,0.0,0.0,6.0,612.81,24.0,10.4,-128.0,16.0,0.0,0.0,0.0,0.0,0.0,147.99200000000002,12.83866996499998,26.614
0.0,0.0,0.0,2.04,14.23,0.0,0.0,0.0,6.0,612.81,24.0,10.4,-128.0,16.0,0.0,0.0,0.0,0.0,0.0,147.99200000000002,13.161855519999989,26.814
0.0,0.0,0.0,2.04,14.23,0.0,0.0,0.0,5.97,611.8,24.0,10.4,-128.0,15.0,0.0,0.0,0.0,0.0,0.0,147.99200000000002,13.396899559999994,27.014
0.0,0.0,0.0,2.04,14.23,0.0,0.0,0.0,5.97,611.8,24.0,10.4,-128.0,15.0,0.0,0.0,0.0,0.0,0.0,147.99200000000002,13.602563094999994,27.214
0.0,0.0,0.0,2.09,9.77,0.0,0.0,0.0,6.02,618.27,24.0,10.39,-128.0,14.0,0.0,0.0,0.0,0.0,0.0,101.5103,13.95512915499998,27.415
0.0,0.0,0.0,2.09,9.77,0.0,0.0,0.0,6.02,618.27,24.0,10.39,-128.0,14.0,0.0,0.0,0.0,0.0,0.0,101.5103,14.483978244999989,27.613
0.0,0.0,0.0,2.09,9.77,0.0,0.0,0.0,6.02,618.27,24.0,10.39,-128.0,14.0,0.0,0.0,0.0,0.0,0.0,101.5103,15.07158834499998,27.814
0.0,0.0,0.0,2.12,8.77,0.0,0.0,0.0,6.02,610.22,24.0,10.36,-128.0,15.0,0.0,0.0,0.0,0.0,0.0,90.85719999999999,15.512295919999985,28.014
0.0,0.0,0.0,2.12,8.77,0.0,0.0,0.0,6.02,610.22,24.0,10.36,-128.0,15.0,0.0,0.0,0.0,0.0,0.0,90.85719999999999,16.011764504999974,28.213
0.0,0.0,0.0,2.12,17.68,0.0,0.0,0.0,5.99,620.71,24.0,10.34,-128.0,15.0,0.0,0.0,0.0,0.0,0.0,182.81119999999999,16.51123308999999,28.413
0.0,0.0,0.0,2.12,17.68,0.0,0.0,0.0,5.99,620.71,24.0,10.34,-128.0,15.0,0.0,0.0,0.0,0.0,0.0,182.81119999999999,17.157604199999994,28.616
0.0,0.0,0.0,2.09,14.95,0.0,0.0,0.0,5.95,618.84,24.0,10.32,-128.0,14.0,0.0,0.0,0.0,0.0,0.0,154.284,17.62769227999999,28.814
0.0,0.0,0.0,2.09,14.95,0.0,0.0,0.0,5.95,618.84,24.0,10.32,-128.0,14.0,0.0,0.0,0.0,0.0,0.0,154.284,18.303443894999987,29.012
0.0,0.0,0.0,2.04,11.5,0.0,0.0,0.0,5.92,601.88,24.0,10.32,-128.0,14.0,0.0,0.0,0.0,0.0,0.0,118.68,18.685390459999994,29.213
0.0,0.0,0.0,2.04,11.5,0.0,0.0,0.0,5.92,601.88,24.0,10.32,-128.0,14.0,0.0,0.0,0.0,0.0,0.0,118.68,18.83229298499998,29.418
0.0,0.0,0.0,2.04,11.5,0.0,0.0,0.0,5.92,601.88,24.0,10.32,-128.0,14.0,0.0,0.0,0.0,0.0,0.0,118.68,19.067337024999986,29.614
0.0,0.0,0.0,1.99,7.33,0.0,0.0,0.0,5.91,605.19,24.0,10.28,-128.0,15.0,0.0,0.0,0.0,0.0,0.0,75.3524,19.65494712499998,29.814
0.0,0.0,0.0,1.99,7.33,0.0,0.0,0.0,5.91,605.19,24.0,10.28,-128.0,15.0,0.0,0.0,0.0,0.0,0.0,75.3524,20.036893689999985,30.013
0.0,0.0,0.0,1.99,6.76,0.0,0.0,0.0,5.93,590.81,24.0,10.24,-128.0,15.0,0.0,0.0,0.0,0.0,0.0,69.2224,20.418840254999978,30.22
0.0,0.0,0.0,1.99,6.76,0.0,0.0,0.0,5.93,590.81,24.0,10.24,-128.0,15.0,0.0,0.0,0.0,0.0,0.0,69.2224,20.800786819999985,30.413
0.0,0.0,0.0,2.04,9.06,0.0,0.0,0.0,5.94,602.6,24.0,10.29,-128.0,15.0,0.0,0.0,0.0,0.0,0.0,93.2274,21.18273338499999,30.614
0.0,0.0,0.0,2.04,9.06,0.0,0.0,0.0,5.94,602.6,24.0,10.29,-128.0,15.0,0.0,0.0,0.0,0.0,0.0,93.2274,21.505918939999987,30.812
0.0,0.0,0.0,2.04,9.06,0.0,0.0,0.0,5.94,602.6,24.0,10.29,-128.0,15.0,0.0,0.0,0.0,0.0,0.0,93.2274,21.770343484999984,31.018
0.0,0.0,0.0,2.07,13.94,0.0,0.0,0.0,5.93,593.97,24.0,10.31,-128.0,15.0,0.0,0.0,0.0,0.0,0.0,143.7214,22.181670554999982,31.214
0.0,0.0,0.0,2.07,13.94,0.0,0.0,0.0,5.93,593.97,24.0,10.31,-128.0,15.0,0.0,0.0,0.0,0.0,0.0,143.7214,22.299192574999992,31.413
0.0,0.0,0.0,2.11,8.48,0.0,0.0,0.0,5.93,594.26,24.0,10.31,-128.0,15.0,0.0,0.0,0.0,0.0,0.0,87.42880000000001,22.534236614999983,31.614
0.0,0.0,0.0,2.11,8.48,0.0,0.0,0.0,5.93,594.26,24.0,10.31,-128.0,15.0,0.0,0.0,0.0,0.0,0.0,87.42880000000001,22.857422169999992,31.818
0.0,0.0,0.0,2.15,9.49,0.0,0.0,0.0,5.88,599.58,24.0,10.43,-128.0,15.0,0.0,0.0,0.0,0.0,0.0,98.9807,23.063085704999978,32.014
0.0,0.0,0.0,2.15,9.49,0.0,0.0,0.0,5.88,599.58,24.0,10.43,-128.0,15.0,0.0,0.0,0.0,0.0,0.0,98.9807,23.20998822999998,32.212
0.0,0.0,0.0,2.15,9.49,0.0,0.0,0.0,5.88,599.58,24.0,10.43,-128.0,15.0,0.0,0.0,0.0,0.0,0.0,98.9807,23.298129744999997,32.412
0.0,0.0,0.0,2.14,8.63,0.0,0.0,0.0,5.86,599.29,24.0,10.39,-128.0,14.0,0.0,0.0,0.0,0.0,0.0,89.66570000000002,23.474412774999976,32.619
0.0,0.0,0.0,2.14,8.63,0.0,0.0,0.0,5.86,599.29,24.0,10.39,-128.0,14.0,0.0,0.0,0.0,0.0,0.0,89.66570000000002,23.680076309999976,32.813
0.0,0.0,0.0,2.12,7.62,0.0,0.0,0.0,5.84,602.46,24.0,10.41,-128.0,14.0,0.0,0.0,0.0,0.0,0.0,79.3242,23.768217824999994,33.014
0.0,0.0,0.0,2.12,7.62,0.0,0.0,0.0,5.84,602.46,24.0,10.41,-128.0,14.0,0.0,0.0,0.0,0.0,0.0,79.3242,23.944500854999973,33.213
0.0,0.0,0.0,2.08,6.9,0.0,0.0,0.0,5.9,597.86,24.0,10.47,-128.0,15.0,0.0,0.0,0.0,0.0,0.0,72.24300000000001,23.91512034999998,33.419
0.0,0.0,0.0,2.08,6.9,0.0,0.0,0.0,5.9,597.86,24.0,10.47,-128.0,15.0,0.0,0.0,0.0,0.0,0.0,72.24300000000001,23.797598329999985,33.616
0.0,0.0,0.0,2.07,14.38,0.0,0.0,0.0,5.88,584.92,24.0,10.37,-128.0,14.0,0.0,0.0,0.0,0.0,0.0,149.1206,23.474412774999976,33.814
0.0,0.0,0.0,2.07,14.38,0.0,0.0,0.0,5.88,584.92,24.0,10.37,-128.0,14.0,0.0,0.0,0.0,0.0,0.0,149.1206,23.503793279999982,34.013
0.0,0.0,0.0,2.07,14.38,0.0,0.0,0.0,5.88,584.92,24.0,10.37,-128.0,14.0,0.0,0.0,0.0,0.0,0.0,149.1206,23.41565176499998,34.218
0.0,0.0,0.0,2.09,13.08,0.0,0.0,0.0,5.88,597.86,24.0,10.38,-128.0,14.0,0.0,0.0,0.0,0.0,0.0,135.77040000000002,23.239368734999985,34.415
0.0,0.0,0.0,2.09,13.08,0.0,0.0,0.0,5.88,597.86,24.0,10.38,-128.0,14.0,0.0,0.0,0.0,0.0,0.0,135.77040000000002,23.15122721999998,34.612
0.0,0.0,0.0,2.11,7.91,0.0,0.0,0.0,5.89,592.39,24.0,10.38,-128.0,15.0,0.0,0.0,0.0,0.0,0.0,82.1058,23.092466209999984,34.814
0.0,0.0,0.0,2.11,7.91,0.0,0.0,0.0,5.89,592.39,24.0,10.38,-128.0,15.0,0.0,0.0,0.0,0.0,0.0,82.1058,23.033705199999986,35.018
0.0,0.0,0.0,2.11,10.64,0.0,0.0,0.0,5.8,609.5,24.0,10.34,-128.0,16.0,0.0,0.0,0.0,0.0,0.0,110.0176,22.828041664999986,35.215
0.0,0.0,0.0,2.11,10.64,0.0,0.0,0.0,5.8,609.5,24.0,10.34,-128.0,16.0,0.0,0.0,0.0,0.0,0.0,110.0176,22.79866115999998,35.412
0.0,0.0,0.0,2.11,10.64,0.0,0.0,0.0,5.8,609.5,24.0,10.34,-128.0,16.0,0.0,0.0,0.0,0.0,0.0,110.0176,22.651758634999993,35.613
0.0,0.0,0.0,2.16,7.76,0.0,0.0,0.0,5.78,602.17,24.0,10.41,-128.0,14.0,0.0,0.0,0.0,0.0,0.0,80.7816,22.269812069999986,35.816
0.0,0.0,0.0,2.16,7.76,0.0,0.0,0.0,5.78,602.17,24.0,10.41,-128.0,14.0,0.0,0.0,0.0,0.0,0.0,80.7816,22.122909544999985,36.013
0.0,0.0,0.0,2.14,2.01,0.0,0.0,0.0,5.78,603.46,24.0,10.39,-128.0,14.0,0.0,0.0,0.0,0.0,0.0,20.8839,21.976007019999997,36.214
0.0,0.0,0.0,2.14,2.01,0.0,0.0,0.0,5.78,603.46,24.0,10.39,-128.0,14.0,0.0,0.0,0.0,0.0,0.0,20.8839,21.82910449499998,36.414
0.0,0.0,0.0,2.14,9.2,0.0,0.0,0.0,5.75,589.09,24.0,10.39,-128.0,14.0,0.0,0.0,0.0,0.0,0.0,95.588,21.623440959999982,36.617
0.0,0.0,0.0,2.14,9.2,0.0,0.0,0.0,5.75,589.09,24.0,10.39,-128.0,14.0,0.0,0.0,0.0,0.0,0.0,95.588,21.505918939999987,36.813
0.0,0.0,0.0,2.14,5.61,0.0,0.0,0.0,5.77,602.89,24.0,10.39,-128.0,15.0,0.0,0.0,0.0,0.0,0.0,58.28790000000001,21.329635909999993,37.014
0.0,0.0,0.0,2.14,5.61,0.0,0.0,0.0,5.77,602.89,24.0,10.39,-128.0,15.0,0.0,0.0,0.0,0.0,0.0,58.28790000000001,21.123972374999994,37.213
0.0,0.0,0.0,2.14,5.61,0.0,0.0,0.0,5.77,602.89,24.0,10.39,-128.0,15.0,0.0,0.0,0.0,0.0,0.0,58.28790000000001,21.153352879999986,37.413
0.0,0.0,0.0,2.14,13.23,0.0,0.0,0.0,5.78,582.91,24.0,10.37,-128.0,14.0,0.0,0.0,0.0,0.0,0.0,137.1951,21.153352879999986,37.614
0.0,0.0,0.0,2.14,13.23,0.0,0.0,0.0,5.78,582.91,24.0,10.37,-128.0,14.0,0.0,0.0,0.0,0.0,0.0,137.1951,21.094591869999988,37.813
0.0,0.0,0.0,2.14,7.48,0.0,0.0,0.0,5.76,602.74,24.0,10.39,-128.0,14.0,0.0,0.0,0.0,0.0,0.0,77.7172,20.977069849999978,38.014
0.0,0.0,0.0,2.14,7.48,0.0,0.0,0.0,5.76,602.74,24.0,10.39,-128.0,14.0,0.0,0.0,0.0,0.0,0.0,77.7172,20.859547829999983,38.213
0.0,0.0,0.0,2.12,8.48,0.0,0.0,0.0,5.74,586.93,24.0,10.41,-128.0,15.0,0.0,0.0,0.0,0.0,0.0,88.27680000000001,20.71264530499998,38.414
0.0,0.0,0.0,2.12,8.48,0.0,0.0,0.0,5.74,586.93,24.0,10.41,-128.0,15.0,0.0,0.0,0.0,0.0,0.0,88.27680000000001,20.624503789999977,38.613
0.0,0.0,0.0,2.12,8.48,0.0,0.0,0.0,5.74,586.93,24.0,10.41,-128.0,15.0,0.0,0.0,0.0,0.0,0.0,88.27680000000001,20.536362274999988,38.814
0.0,0.0,0.0,2.12,5.46,0.0,0.0,0.0,5.68,600.73,24.0,10.4,-128.0,16.0,0.0,0.0,0.0,0.0,0.0,56.784,20.50698176999998,39.014
0.0,0.0,0.0,2.12,5.46,0.0,0.0,0.0,5.68,600.73,24.0,10.4,-128.0,16.0,0.0,0.0,0.0,0.0,0.0,56.784,20.448220759999984,39.214
0.0,0.0,0.0,2.1,13.66,0.0,0.0,0.0,5.64,591.39,24.0,10.37,-128.0,14.0,0.0,0.0,0.0,0.0,0.0,141.6542,20.301318234999982,39.414
0.0,0.0,0.0,2.1,13.66,0.0,0.0,0.0,5.64,591.39,24.0,10.37,-128.0,14.0,0.0,0.0,0.0,0.0,0.0,141.6542,20.15441570999998,39.613
0.0,0.0,0.0,2.13,6.18,0.0,0.0,0.0,5.63,595.84,24.0,10.31,-128.0,14.0,0.0,0.0,0.0,0.0,0.0,63.7158,20.213176719999993,39.814
0.0,100.0,56.0,2.13,6.18,0.0,0.0,0.0,5.63,595.84,24.0,10.31,-128.0,14.0,0.0,0.0,0.0,0.0,0.0,63.7158,20.12503520499999,0.111
0.0,100.0,55.0,2.13,6.18,0.0,0.0,0.0,5.63,595.84,24.0,10.31,-128.0,14.0,0.0,0.0,0.0,0.0,0.0,63.7158,20.007513184999993,0.31
0.0,100.0,54.0,2.13,8.63,0.0,0.0,0.0,5.66,591.1,24.0,10.26,-128.0,15.0,95.0,0.0,0.33923473538011695,0.0,0.23203655899999998,88.5438,20.06627419499999,0.511
0.0,100.0,53.0,2.13,8.63,0.0,0.0,0.0,5.66,591.1,24.0,10.26,-128.0,15.0,95.0,0.0,0.33923473538011695,0.0,0.23203655899999998,88.5438,20.007513184999993,0.71
0.0,99.0,51.0,2.16,199.24,0.55,0.0,0.0,5.68,578.31,24.0,10.36,-128.0,15.0,95.0,0.0,0.4442545193050193,0.0,0.306831788,2064.1264,19.860610659999992,0.917
0.0,99.0,48.0,2.16,199.24,0.55,0.0,0.0,5.68,578.31,24.0,10.36,-128.0,15.0,95.0,0.0,0.4442545193050193,0.0,0.306831788,2064.1264,19.860610659999992,1.111
0.0,99.0,46.0,2.16,186.73,1.25,0.0,0.0,5.7,579.31,24.0,10.49,-128.0,15.0,94.0,0.0,51.60147383222116,0.0,36.0866307,1958.7976999999998,19.743088639999982,1.312
0.0,99.0,43.0,2.16,186.73,1.25,0.0,0.0,5.7,579.31,24.0,10.49,-128.0,15.0,94.0,0.0,51.60147383222116,0.0,36.0866307,1958.7976999999998,19.56680560999999,1.51
0.0,98.0,40.0,2.15,194.49,1.98,0.0,0.0,5.69,579.74,24.0,10.64,-128.0,14.0,94.0,0.0,123.12663999530075,0.0,87.33782997,2069.3736000000004,19.56680560999999,1.712
0.0,98.0,36.0,2.15,194.49,1.98,0.0,0.0,5.69,579.74,24.0,10.64,-128.0,14.0,94.0,0.0,123.12663999530075,0.0,87.33782997,2069.3736000000004,19.508044599999977,1.915
0.0,97.0,33.0,2.15,194.49,1.98,0.0,0.0,5.69,579.74,24.0,10.64,-128.0,14.0,94.0,0.0,123.12663999530075,0.0,87.33782997,2069.3736000000004,19.56680560999999,2.111
0.0,97.0,30.0,2.19,156.98,2.77,0.0,0.0,5.67,587.51,24.0,10.74,-128.0,14.0,93.0,0.0,190.904837849162,0.0,136.6878639,1685.9651999999999,19.625566619999987,2.311
0.0,96.0,26.0,2.19,156.98,2.77,0.0,0.0,5.67,587.51,24.0,10.74,-128.0,14.0,93.0,0.0,190.904837849162,0.0,136.6878639,1685.9651999999999,19.889991164999984,2.51
0.0,96.0,23.0,2.17,104.65,2.98,0.0,0.0,5.7,591.1,24.0,10.71,-128.0,14.0,92.0,0.0,201.5480163865546,0.0,143.90528369999998,1120.8015000000003,19.978132679999973,2.717
0.0,95.0,19.0,2.17,104.65,2.98,0.0,0.0,5.7,591.1,24.0,10.71,-128.0,14.0,92.0,0.0,201.5480163865546,0.0,143.90528369999998,1120.8015000000003,20.183796214999987,2.911
0.0,94.0,17.0,2.16,80.64,3.15,0.0,0.0,5.69,584.2,24.0,10.73,-128.0,13.0,91.0,0.0,208.4062248369059,0.0,149.07991950000002,865.2672,20.27193772999999,3.111
0.0,93.0,15.0,2.16,80.64,3.15,0.0,0.0,5.69,584.2,24.0,10.73,-128.0,13.0,91.0,0.0,208.4062248369059,0.0,149.07991950000002,865.2672,20.389459749999986,3.311
0.0,92.0,13.0,2.16,80.64,3.15,0.0,0.0,5.69,584.2,24.0,10.73,-128.0,13.0,91.0,0.0,208.4062248369059,0.0,149.07991950000002,865.2672,20.50698176999998,3.515
0.0,91.0,12.0,2.15,75.76,3.3,0.0,0.0,5.76,595.84,24.0,10.74,-128.0,15.0,89.0,0.0,203.14782458100558,0.0,145.4538424,813.6624,20.536362274999988,3.712
0.0,91.0,11.0,2.15,75.76,3.3,0.0,0.0,5.76,595.84,24.0,10.74,-128.0,15.0,89.0,0.0,203.14782458100558,0.0,145.4538424,813.6624,20.50698176999998,3.911
0.0,90.0,11.0,2.13,39.96,3.4,0.0,0.0,5.79,581.47,24.0,10.78,-128.0,15.0,87.0,0.0,201.58076771799625,0.0,144.8693784,430.7688,20.595123284999985,4.112
0.0,89.0,12.0,2.13,39.96,3.4,0.0,0.0,5.79,581.47,24.0,10.78,-128.0,15.0,87.0,0.0,201.58076771799625,0.0,144.8693784,430.7688,20.68326479999999,4.315
0.0,88.0,12.0,2.11,41.97,3.47,0.0,0.0,5.78,589.38,24.0,10.83,-128.0,16.0,86.0,0.0,199.0683739612188,0.0,143.727366,454.5351,20.800786819999985,4.511
0.0,87.0,14.0,2.11,41.97,3.47,0.0,0.0,5.78,589.38,24.0,10.83,-128.0,16.0,86.0,0.0,199.0683739612188,0.0,143.727366,454.5351,20.800786819999985,4.71
0.0,86.0,16.0,2.11,41.97,3.47,0.0,0.0,5.78,589.38,24.0,10.83,-128.0,16.0,86.0,0.0,199.0683739612188,0.0,143.727366,454.5351,20.68326479999999,4.91
0.0,85.0,18.0,2.14,45.71,3.52,0.0,0.0,5.8,595.99,24.0,10.86,-128.0,14.0,84.0,0.0,196.95209944751383,0.0,142.59332,496.4106,20.68326479999999,5.117
0.0,84.0,20.0,2.14,45.71,3.52,0.0,0.0,5.8,595.99,24.0,10.86,-128.0,14.0,84.0,0.0,196.95209944751383,0.0,142.59332,496.4106,20.742025809999987,5.311
0.0,83.0,25.0,2.12,58.36,3.57,0.0,0.0,5.73,595.84,24.0,10.85,-128.0,14.0,83.0,0.0,195.5387621198157,0.0,141.4397046,633.206,20.800786819999985,5.511
0.0,82.0,28.0,2.12,58.36,3.57,0.0,0.0,5.73,595.84,24.0,10.85,-128.0,14.0,83.0,0.0,195.5387621198157,0.0,141.4397046,633.206,20.800786819999985,5.711
0.0,81.0,31.0,2.09,80.93,3.64,0.0,0.0,5.69,603.32,24.0,10.87,-128.0,15.0,80.0,0.0,191.29735432382705,0.0,138.62681609999998,879.7091,20.77140631499998,5.918
0.0,80.0,35.0,2.09,80.93,3.64,0.0,0.0,5.69,603.32,24.0,10.87,-128.0,15.0,80.0,0.0,191.29735432382705,0.0,138.62681609999998,879.7091,20.859547829999983,6.11
0.0,79.0,38.0,2.09,80.93,3.64,0.0,0.0,5.69,603.32,24.0,10.87,-128.0,15.0,80.0,0.0,191.29735432382705,0.0,138.62681609999998,879.7091,20.859547829999983,6.311
1.0,78.0,41.0,2.08,94.44,3.66,0.0,0.0,5.67,586.79,24.0,10.84,-128.0,16.0,79.0,0.0,190.22099875461257,0.0,137.4663751,1023.7296,20.742025809999987,6.512
3.0,77.0,44.0,2.08,94.44,3.66,0.0,0.0,5.67,586.79,24.0,10.84,-128.0,16.0,79.0,0.0,190.22099875461257,0.0,137.4663751,1023.7296,20.56574277999998,6.716
5.0,76.0,47.0,2.01,114.14,3.73,0.0,0.0,5.66,594.98,24.0,10.79,-128.0,15.0,77.0,0.0,188.1282169601483,0.0,135.3268974,1231.5706,20.47760126499999,6.913
7.0,75.0,49.0,2.01,114.14,3.73,0.0,0.0,5.66,594.98,24.0,10.79,-128.0,15.0,77.0,0.0,188.12876961584803,0.000542105,135.3268974,1231.5706,20.213176719999993,7.112
10.0,74.0,52.0,1.99,154.24,3.76,0.0,0.0,5.67,594.41,24.0,10.77,-128.0,16.0,75.0,0.0,185.24258307195916,0.003108335,133.0018952,1661.1648,20.27193772999999,7.311
13.0,73.0,53.0,1.99,154.24,3.76,0.0,0.0,5.67,594.41,24.0,10.77,-128.0,16.0,75.0,0.0,185.24369449275767,0.004196517,133.0018952,1661.1648,20.389459749999986,7.515
17.0,72.0,55.0,1.99,154.24,3.76,0.0,0.0,5.67,594.41,24.0,10.77,-128.0,16.0,75.0,0.0,185.24517638681525,0.005647426,133.0018952,1661.1648,20.301318234999982,7.712
21.0,71.0,55.0,2.0,205.85,3.78,0.0,0.0,5.68,583.19,24.0,10.75,-128.0,15.0,73.0,0.0,178.12337502344184,0.007443182,127.64962709999999,2212.8875,20.448220759999984,7.911
27.0,70.0,56.0,2.0,205.85,3.78,0.0,0.0,5.68,583.19,24.0,10.75,-128.0,15.0,73.0,0.0,178.12571920939533,0.009734091,127.64962709999999,2212.8875,20.36007924499998,8.111
32.0,69.0,56.0,2.22,228.99,3.79,0.0,0.0,5.69,582.47,24.0,10.76,-128.0,14.0,71.0,0.0,170.50191187267663,0.01274425,122.29735900000001,2463.9324,20.213176719999993,8.316
37.0,68.0,56.0,2.22,228.99,3.79,0.0,0.0,5.69,582.47,24.0,10.76,-128.0,14.0,71.0,0.0,170.504213322119,0.014995486,122.29735900000001,2463.9324,19.94875217499998,8.512
42.0,67.0,56.0,2.47,219.08,3.75,0.0,0.0,5.7,588.51,24.0,10.76,-128.0,15.0,69.0,0.0,163.04675191821562,0.01878974,116.9450909,2357.3008,19.889991164999984,8.712
47.0,66.0,56.0,2.47,219.08,3.75,0.0,0.0,5.7,588.51,24.0,10.76,-128.0,15.0,69.0,0.0,163.04930420752788,0.021286343,116.9450909,2357.3008,19.625566619999987,8.911
52.0,66.0,56.0,2.47,219.08,3.75,0.0,0.0,5.7,588.51,24.0,10.76,-128.0,15.0,69.0,0.0,163.05185508912638,0.023781569,116.9450909,2357.3008,19.596186114999995,9.11
57.0,65.0,56.0,2.73,214.04,3.74,0.0,0.0,5.7,588.51,24.0,10.68,-128.0,14.0,67.0,0.0,156.76183648913857,0.029461064,111.5928228,2285.9472,19.508044599999977,9.311
62.0,64.0,56.0,2.73,214.04,3.74,0.0,0.0,5.7,588.51,24.0,10.68,-128.0,14.0,67.0,0.0,156.76472810898875,0.032268564,111.5928228,2285.9472,19.331761569999998,9.51
66.0,64.0,56.0,2.98,210.02,3.71,0.0,0.0,5.72,594.26,24.0,10.66,-128.0,15.0,67.0,0.0,157.0637315003752,0.037003254,111.5928228,2238.8132,19.273000559999986,9.712
71.0,63.0,56.0,2.98,210.02,3.71,0.0,0.0,5.72,594.26,24.0,10.66,-128.0,15.0,67.0,0.0,157.0670154141651,0.040185665,111.5928228,2238.8132,19.331761569999998,9.916
76.0,63.0,56.0,3.09,207.72,3.67,0.0,0.0,5.7,595.27,24.0,10.65,-128.0,16.0,66.0,0.0,153.08650782460091,0.044871212,108.658515,2212.218,19.126098034999984,10.112
80.0,62.0,56.0,3.09,207.72,3.67,0.0,0.0,5.7,595.27,24.0,10.65,-128.0,16.0,66.0,0.0,153.08926401868544,0.047539709000000006,108.658515,2212.218,19.00857601499999,10.311
84.0,62.0,56.0,3.21,219.36,3.62,0.0,0.0,5.73,582.04,24.0,10.65,-128.0,15.0,64.0,0.0,145.53167155671363,0.05347568900000001,103.2882713,2336.184,19.00857601499999,10.512
87.0,61.0,56.0,3.21,219.36,3.62,0.0,0.0,5.73,582.04,24.0,10.65,-128.0,15.0,64.0,0.0,145.5338759856338,0.055609977000000005,103.2882713,2336.184,18.979195509999983,10.711
92.0,61.0,56.0,3.21,219.36,3.62,0.0,0.0,5.73,582.04,24.0,10.65,-128.0,15.0,64.0,0.0,145.53755063633804,0.059167707,103.2882713,2336.184,19.126098034999984,10.91
94.0,61.0,56.0,3.32,213.33,3.59,0.0,0.0,5.84,592.97,24.0,10.69,-128.0,15.0,63.0,0.0,140.3392934162769,0.06244117,99.96934625,2280.4977,19.15547853999999,11.112
96.0,60.0,56.0,3.32,213.33,3.59,0.0,0.0,5.84,592.97,24.0,10.69,-128.0,15.0,63.0,0.0,140.34080347857812,0.063908676,99.96934625,2280.4977,19.00857601499999,11.311
98.0,60.0,56.0,3.37,227.56,3.59,0.0,0.0,5.9,583.48,24.0,10.68,-128.0,14.0,63.0,0.0,140.47372032303372,0.0653763,99.96934625,2430.3408,19.067337024999986,11.518
99.0,60.0,56.0,3.37,227.56,3.59,0.0,0.0,5.9,583.48,24.0,10.68,-128.0,14.0,63.0,0.0,140.4744761661985,0.066110155,99.96934625,2430.3408,19.096717529999978,11.71
100.0,60.0,56.0,3.42,222.52,3.58,0.0,0.0,5.94,588.94,24.0,10.65,-128.0,13.0,63.0,0.0,140.87298178929578,0.068823846,99.96934625,2369.838,19.126098034999984,11.911
100.0,60.0,56.0,3.42,222.52,3.58,0.0,0.0,5.94,588.94,24.0,10.65,-128.0,13.0,63.0,0.0,140.87298178929578,0.068823846,99.96934625,2369.838,19.096717529999978,12.111
99.0,60.0,56.0,3.42,222.52,3.58,0.0,0.0,5.94,588.94,24.0,10.65,-128.0,13.0,63.0,0.0,140.87220101549298,0.068067915,99.96934625,2369.838,19.067337024999986,12.311
97.0,60.0,56.0,3.46,216.2,3.58,0.0,0.0,5.99,578.74,24.0,10.68,-128.0,14.0,63.0,0.0,140.47493551713484,0.066556143,99.96934625,2309.0159999999996,19.03795651999998,12.511
95.0,60.0,56.0,3.46,216.2,3.58,0.0,0.0,5.99,578.74,24.0,10.68,-128.0,14.0,63.0,0.0,140.4733785752809,0.06504449400000001,99.96934625,2309.0159999999996,18.979195509999983,12.711
93.0,61.0,56.0,3.49,193.63,3.55,0.0,0.0,5.95,592.83,24.0,10.64,-128.0,14.0,63.0,0.0,140.999911318703,0.063532971,99.96934625,2060.2232,18.979195509999983,12.911
90.0,61.0,56.0,3.49,193.63,3.55,0.0,0.0,5.95,592.83,24.0,10.64,-128.0,14.0,63.0,0.0,140.9975675681391,0.061265925,99.96934625,2060.2232,19.03795651999998,13.111
87.0,61.0,56.0,3.54,218.36,3.54,0.0,0.0,6.0,609.07,24.0,10.64,-128.0,13.0,63.0,0.0,140.99697210836467,0.060689953,99.96934625,2323.3504000000003,19.067337024999986,13.318
82.0,62.0,56.0,3.54,218.36,3.54,0.0,0.0,6.0,609.07,24.0,10.64,-128.0,13.0,63.0,0.0,140.99295328421053,0.056802654,99.96934625,2323.3504000000003,18.891053994999993,13.511
78.0,62.0,56.0,3.54,218.36,3.54,0.0,0.0,6.0,609.07,24.0,10.64,-128.0,13.0,63.0,0.0,140.98973890018797,0.053693468,99.96934625,2323.3504000000003,18.83229298499998,13.711
73.0,63.0,56.0,3.51,216.63,3.54,0.0,0.0,6.03,592.11,24.0,10.62,-128.0,15.0,64.0,0.0,145.04612746252354,0.049807832,102.6561325,2300.6106,18.80291247999999,13.912
69.0,63.0,56.0,3.51,216.63,3.54,0.0,0.0,6.03,592.11,24.0,10.62,-128.0,15.0,64.0,0.0,145.0429084482109,0.04670002,102.6561325,2300.6106,18.685390459999994,14.116
64.0,64.0,56.0,3.5,203.55,3.54,0.0,0.0,6.02,582.47,24.0,10.62,-128.0,15.0,65.0,0.0,148.83392836026366,0.042957925999999994,105.3429188,2161.701,18.567868439999984,14.313
59.0,65.0,56.0,3.5,203.55,3.54,0.0,0.0,6.02,582.47,24.0,10.62,-128.0,15.0,65.0,0.0,148.83014859246708,0.039308732,105.3429188,2161.701,18.45034641999999,14.512
54.0,65.0,56.0,3.44,210.74,3.53,0.0,0.0,6.03,588.37,24.0,10.65,-128.0,15.0,67.0,0.0,155.97454055530517,0.034680674,110.7164913,2244.3810000000003,18.33282439999998,14.713
49.0,66.0,56.0,3.44,210.74,3.53,0.0,0.0,6.03,588.37,24.0,10.65,-128.0,15.0,67.0,0.0,155.97087553915495,0.031132272000000002,110.7164913,2244.3810000000003,18.303443894999987,14.916
44.0,67.0,56.0,3.44,210.74,3.53,0.0,0.0,6.03,588.37,24.0,10.65,-128.0,15.0,67.0,0.0,155.96720776009388,0.027581195,110.7164913,2244.3810000000003,18.24468288499999,15.112
39.0,68.0,56.0,3.37,212.61,3.51,0.0,0.0,6.08,587.94,24.0,10.65,-128.0,14.0,67.0,0.0,155.9628540396244,0.023366002,110.7164913,2264.2965000000004,18.12716086499998,15.312
34.0,68.0,56.0,3.37,212.61,3.51,0.0,0.0,6.08,587.94,24.0,10.65,-128.0,14.0,67.0,0.0,155.95928974732396,0.019915119,110.7164913,2264.2965000000004,18.097780359999987,15.512
29.0,69.0,56.0,3.29,221.81,3.49,0.0,0.0,6.06,586.21,24.0,10.66,-128.0,14.0,69.0,0.0,161.95421894971858,0.016244364,115.0835524,2364.4946,18.03901934999999,15.719
25.0,70.0,56.0,3.29,221.81,3.49,0.0,0.0,6.06,586.21,24.0,10.66,-128.0,14.0,69.0,0.0,161.95169737307694,0.013800726999999999,115.0835524,2364.4946,17.980258339999978,15.912
19.0,71.0,56.0,3.19,232.73,3.47,0.0,0.0,6.05,586.93,24.0,10.64,-128.0,15.0,71.0,0.0,169.8092261924812,0.009863108,120.4441115,2476.2472000000002,18.24468288499999,16.112
15.0,72.0,57.0,3.19,232.73,3.47,0.0,0.0,6.05,586.93,24.0,10.64,-128.0,15.0,71.0,0.0,169.8067788237782,0.007495835,120.4441115,2476.2472000000002,18.185921874999977,16.311
12.0,73.0,59.0,3.19,232.73,3.47,0.0,0.0,6.05,586.93,24.0,10.64,-128.0,15.0,71.0,0.0,169.80337283609023,0.004201316,120.4441115,2476.2472000000002,18.06839985499998,16.517
9.0,74.0,61.0,3.07,202.98,3.47,0.0,0.0,6.03,584.49,24.0,10.65,-128.0,14.0,72.0,0.0,173.41463535211264,0.0,123.12439109999998,2161.737,18.12716086499998,16.712
6.0,75.0,63.0,3.07,202.98,3.47,0.0,0.0,6.03,584.49,24.0,10.65,-128.0,14.0,72.0,0.0,173.41463535211264,0.0,123.12439109999998,2161.737,18.391585409999976,16.911
4.0,76.0,65.0,2.98,222.52,3.47,0.0,0.0,5.98,582.76,24.0,10.65,-128.0,15.0,74.0,0.0,180.96471873239437,0.0,128.4849503,2369.838,18.274063389999995,17.113
2.0,77.0,68.0,2.98,222.52,3.47,0.0,0.0,5.98,582.76,24.0,10.65,-128.0,15.0,74.0,0.0,180.96471873239437,0.0,128.4849503,2369.838,18.479726924999994,17.317
1.0,78.0,72.0,2.91,250.84,3.51,0.0,0.0,6.02,600.73,24.0,10.69,-128.0,15.0,76.0,0.0,187.13432652011224,0.0,133.3643967,2681.4796,18.45034641999999,17.513
0.0,79.0,75.0,2.91,250.84,3.51,0.0,0.0,6.02,600.73,24.0,10.69,-128.0,15.0,76.0,0.0,187.13432652011224,0.0,133.3643967,2681.4796,18.509107429999986,17.712
0.0,80.0,78.0,2.91,250.84,3.51,0.0,0.0,6.02,600.73,24.0,10.69,-128.0,15.0,76.0,0.0,187.13432652011224,0.0,133.3643967,2681.4796,18.509107429999986,17.911
0.0,81.0,82.0,2.89,268.81,3.54,0.0,0.0,6.02,584.63,24.0,10.7,-128.0,15.0,78.0,0.0,190.19387032710281,0.0,135.6716275,2876.267,18.509107429999986,18.117
0.0,82.0,85.0,2.89,268.81,3.54,0.0,0.0,6.02,584.63,24.0,10.7,-128.0,15.0,78.0,0.0,190.19387032710281,0.0,135.6716275,2876.267,18.567868439999984,18.31
0.0,83.0,88.0,2.9,289.94,3.57,0.0,0.0,6.0,582.76,24.0,10.71,-128.0,14.0,79.0,0.0,191.63199285714285,0.0,136.8252429,3105.2574000000004,18.94981500499999,18.511
0.0,84.0,91.0,2.9,289.94,3.57,0.0,0.0,6.0,582.76,24.0,10.71,-128.0,14.0,79.0,0.0,191.63199285714285,0.0,136.8252429,3105.2574000000004,19.302381064999977,18.711
0.0,86.0,95.0,2.87,316.11,3.59,0.0,0.0,6.01,575.29,24.0,10.68,-128.0,14.0,82.0,0.0,197.03102415730336,0.0,140.2860892,3376.0548,19.478664094999985,18.916
0.0,87.0,97.0,2.87,316.11,3.59,0.0,0.0,6.01,575.29,24.0,10.68,-128.0,14.0,82.0,0.0,197.03102415730336,0.0,140.2860892,3376.0548,19.772469144999988,19.113
0.0,88.0,98.0,2.87,316.11,3.59,0.0,0.0,6.01,575.29,24.0,10.68,-128.0,14.0,82.0,0.0,197.03102415730336,0.0,140.2860892,3376.0548,20.036893689999985,19.311
0.0,88.0,99.0,2.79,347.73,3.61,0.0,0.0,5.98,589.52,24.0,10.66,-128.0,14.0,84.0,0.0,201.59743860225137,0.0,143.26857969999998,3706.8018,20.536362274999988,19.511
0.0,89.0,100.0,2.79,347.73,3.61,0.0,0.0,5.98,589.52,24.0,10.66,-128.0,14.0,84.0,0.0,201.59743860225137,0.0,143.26857969999998,3706.8018,20.68326479999999,19.713
0.0,90.0,100.0,2.66,351.04,3.65,0.0,0.0,5.93,586.5,24.0,10.68,-128.0,15.0,85.0,0.0,202.84974803370787,0.0,144.4290206,3749.1072,20.77140631499998,19.911
0.0,91.0,100.0,2.66,351.04,3.65,0.0,0.0,5.93,586.5,24.0,10.68,-128.0,15.0,85.0,0.0,202.84974803370787,0.0,144.4290206,3749.1072,21.094591869999988,20.111
0.0,92.0,99.0,2.48,362.83,3.68,0.0,0.0,5.9,578.88,24.0,10.67,-128.0,15.0,87.0,0.0,206.3025806935333,0.0,146.7499024,3871.3961,21.44715792999999,20.311
0.0,93.0,97.0,2.48,362.83,3.68,0.0,0.0,5.9,578.88,24.0,10.67,-128.0,15.0,87.0,0.0,206.3025806935333,0.0,146.7499024,3871.3961,21.564679949999984,20.513
0.0,93.0,96.0,2.48,362.83,3.68,0.0,0.0,5.9,578.88,24.0,10.67,-128.0,15.0,87.0,0.0,206.3025806935333,0.0,146.7499024,3871.3961,21.68220196999998,20.711
0.0,94.0,93.0,2.33,340.69,3.72,0.0,0.0,5.82,591.53,24.0,10.7,-128.0,16.0,89.0,0.0,209.2666975233645,0.0,149.27691090000002,3645.383,21.770343484999984,20.912
0.0,95.0,91.0,2.33,340.69,3.72,0.0,0.0,5.82,591.53,24.0,10.7,-128.0,16.0,89.0,0.0,209.2666975233645,0.0,149.27691090000002,3645.383,22.152290049999976,21.111
0.0,96.0,88.0,2.22,344.42,3.71,0.0,0.0,5.81,590.67,24.0,10.76,-128.0,16.0,90.0,0.0,209.72036988847583,0.0,150.439412,3705.9592000000002,22.152290049999976,21.311
0.0,96.0,83.0,2.22,344.42,3.71,0.0,0.0,5.81,590.67,24.0,10.76,-128.0,16.0,90.0,0.0,209.72036988847583,0.0,150.439412,3705.9592000000002,22.269812069999986,21.511
0.0,97.0,80.0,2.19,318.26,3.7,0.0,0.0,5.87,595.99,24.0,10.76,-128.0,16.0,91.0,0.0,220.05355803903348,0.0,157.85175230000002,3424.4775999999997,22.475475604999986,21.712
0.0,98.0,77.0,2.19,318.26,3.7,0.0,0.0,5.87,595.99,24.0,10.76,-128.0,16.0,91.0,0.0,220.05355803903348,0.0,157.85175230000002,3424.4775999999997,22.651758634999993,21.91
0.0,98.0,73.0,2.19,318.26,3.7,0.0,0.0,5.87,595.99,24.0,10.76,-128.0,16.0,91.0,0.0,220.05355803903348,0.0,157.85175230000002,3424.4775999999997,22.50485610999999,22.11
0.0,98.0,70.0,2.19,311.79,3.72,0.0,0.0,5.83,590.67,24.0,10.72,-128.0,15.0,93.0,0.0,226.24587803171644,0.0,161.6903875,3342.3888000000006,22.59299762499998,22.313
0.0,99.0,67.0,2.19,311.79,3.72,0.0,0.0,5.83,590.67,24.0,10.72,-128.0,15.0,93.0,0.0,226.24587803171644,0.0,161.6903875,3342.3888000000006,22.857422169999992,22.51
0.0,99.0,64.0,2.21,296.56,3.74,0.0,0.0,5.81,584.92,24.0,10.71,-128.0,14.0,93.0,0.0,226.45712535014007,0.0,161.6903875,3176.1576000000005,23.033705199999986,22.712
0.0,99.0,62.0,2.21,296.56,3.74,0.0,0.0,5.81,584.92,24.0,10.71,-128.0,14.0,93.0,0.0,226.45712535014007,0.0,161.6903875,3176.1576000000005,22.739900149999983,22.911
0.0,100.0,60.0,2.2,272.55,3.74,0.0,0.0,5.77,580.46,24.0,10.69,-128.0,14.0,94.0,0.0,229.57395477081383,0.0,163.60970509999999,2913.5595,23.063085704999978,23.112
0.0,100.0,58.0,2.2,272.55,3.74,0.0,0.0,5.77,580.46,24.0,10.69,-128.0,14.0,94.0,0.0,229.57395477081383,0.0,163.60970509999999,2913.5595,23.033705199999986,23.311
0.0,100.0,57.0,2.16,270.54,3.76,0.0,0.0,5.68,586.21,24.0,10.65,-128.0,12.0,95.0,0.0,233.1394684507042,0.0,165.5290226,2881.251,22.974944189999988,23.511
0.0,100.0,56.0,2.16,270.54,3.76,0.0,0.0,5.68,586.21,24.0,10.65,-128.0,12.0,95.0,0.0,233.1394684507042,0.0,165.5290226,2881.251,22.828041664999986,23.711
0.0,100.0,56.0,2.16,270.54,3.76,0.0,0.0,5.68,586.21,24.0,10.65,-128.0,12.0,95.0,0.0,233.1394684507042,0.0,165.5290226,2881.251,22.828041664999986,23.911
0.0,100.0,56.0,2.13,207.29,3.75,0.0,0.0,5.71,594.12,24.0,10.69,-128.0,14.0,95.0,0.0,232.26710374181476,0.0,165.5290226,2215.9301,22.76928065499999,24.112
0.0,100.0,55.0,2.13,207.29,3.75,0.0,0.0,5.71,594.12,24.0,10.69,-128.0,14.0,95.0,0.0,232.26710374181476,0.0,165.5290226,2215.9301,22.76928065499999,24.311
0.0,100.0,54.0,2.11,218.93,3.73,0.0,0.0,5.7,592.54,24.0,10.66,-128.0,15.0,95.0,0.0,232.92076350844275,0.0,165.5290226,2333.7938,22.681139139999985,24.512
0.0,100.0,53.0,2.11,218.93,3.73,0.0,0.0,5.7,592.54,24.0,10.66,-128.0,15.0,95.0,0.0,232.92076350844275,0.0,165.5290226,2333.7938,22.59299762499998,24.711
0.0,99.0,51.0,2.09,210.45,3.76,0.0,0.0,5.67,596.56,24.0,10.68,-128.0,14.0,95.0,0.0,232.48458230337076,0.0,165.5290226,2247.6059999999998,22.56361711999999,24.911
0.0,99.0,48.0,2.09,210.45,3.76,0.0,0.0,5.67,596.56,24.0,10.68,-128.0,14.0,95.0,0.0,232.48458230337076,0.0,165.5290226,2247.6059999999998,22.357953584999976,25.111
0.0,99.0,46.0,2.09,210.45,3.76,0.0,0.0,5.67,596.56,24.0,10.68,-128.0,14.0,95.0,0.0,232.48458230337076,0.0,165.5290226,2247.6059999999998,22.122909544999985,25.31
0.0,99.0,43.0,2.11,213.9,3.75,0.0,0.0,5.71,585.92,24.0,10.69,-128.0,16.0,94.0,0.0,229.57395477081383,0.0,163.60970509999999,2286.591,22.00538752499999,25.518
0.0,98.0,40.0,2.11,213.9,3.75,0.0,0.0,5.71,585.92,24.0,10.69,-128.0,16.0,94.0,0.0,229.57395477081383,0.0,163.60970509999999,2286.591,22.181670554999982,25.711
0.0,98.0,36.0,2.14,178.83,3.73,0.0,0.0,5.65,593.4,24.0,10.71,-128.0,14.0,94.0,0.0,229.14524523809519,0.0,163.60970509999999,1915.2693000000004,22.21105105999999,25.912
0.0,97.0,33.0,2.14,178.83,3.73,0.0,0.0,5.65,593.4,24.0,10.71,-128.0,14.0,94.0,0.0,229.14524523809519,0.0,163.60970509999999,1915.2693000000004,22.21105105999999,26.111
0.0,97.0,30.0,2.16,126.21,3.71,0.0,0.0,5.7,590.38,24.0,10.74,-128.0,13.0,92.0,0.0,223.1439523743017,0.0,159.77106990000001,1355.4954,22.240431564999994,26.317
0.0,96.0,26.0,2.16,126.21,3.71,0.0,0.0,5.7,590.38,24.0,10.74,-128.0,13.0,92.0,0.0,223.1439523743017,0.0,159.77106990000001,1355.4954,22.357953584999976,26.511
0.0,96.0,23.0,2.16,126.21,3.71,0.0,0.0,5.7,590.38,24.0,10.74,-128.0,13.0,92.0,0.0,223.1439523743017,0.0,159.77106990000001,1355.4954,22.50485610999999,26.71
0.0,95.0,19.0,2.16,101.34,3.69,0.0,0.0,5.71,593.11,24.0,10.76,-128.0,14.0,91.0,0.0,219.82405594795543,0.0,157.68712280000003,1090.4184,22.651758634999993,26.912
0.0,94.0,17.0,2.16,101.34,3.69,0.0,0.0,5.71,593.11,24.0,10.76,-128.0,14.0,91.0,0.0,219.82405594795543,0.0,157.68712280000003,1090.4184,22.534236614999983,27.116
0.0,93.0,15.0,2.17,76.19,3.71,0.0,0.0,5.68,586.79,24.0,10.79,-128.0,14.0,91.0,0.0,219.44173164967566,0.0,157.85175230000002,822.0900999999999,22.91618317999999,27.312
0.0,92.0,13.0,2.17,76.19,3.71,0.0,0.0,5.68,586.79,24.0,10.79,-128.0,14.0,91.0,0.0,219.44173164967566,0.0,157.85175230000002,822.0900999999999,22.91618317999999,27.51
0.0,91.0,12.0,2.18,59.66,3.73,0.0,0.0,5.71,589.95,24.0,10.81,-128.0,16.0,88.0,0.0,205.52415790934324,0.0,148.11440980000003,644.9245999999999,22.79866115999998,27.711
0.0,91.0,11.0,2.18,59.66,3.73,0.0,0.0,5.71,589.95,24.0,10.81,-128.0,16.0,88.0,0.0,205.52415790934324,0.0,148.11440980000003,644.9245999999999,22.739900149999983,27.915
0.0,90.0,11.0,2.18,59.66,3.73,0.0,0.0,5.71,589.95,24.0,10.81,-128.0,16.0,88.0,0.0,205.52415790934324,0.0,148.11440980000003,644.9245999999999,22.79866115999998,28.111
0.0,89.0,12.0,2.17,32.63,3.73,0.0,0.0,5.71,593.11,24.0,10.85,-128.0,15.0,87.0,0.0,203.15932078341015,0.0,146.9519087,354.0355,22.79866115999998,28.311
0.0,88.0,12.0,2.17,32.63,3.73,0.0,0.0,5.71,593.11,24.0,10.85,-128.0,15.0,87.0,0.0,203.15932078341015,0.0,146.9519087,354.0355,22.857422169999992,28.51
0.0,87.0,14.0,2.17,52.76,3.7,0.0,0.0,5.71,585.92,24.0,10.85,-128.0,14.0,86.0,0.0,201.55217626728108,0.0,145.78940749999998,572.4459999999999,22.681139139999985,28.717
0.0,86.0,16.0,2.17,52.76,3.7,0.0,0.0,5.71,585.92,24.0,10.85,-128.0,14.0,86.0,0.0,201.55217626728108,0.0,145.78940749999998,572.4459999999999,22.739900149999983,28.913
0.0,85.0,18.0,2.14,45.43,3.65,0.0,0.0,5.71,587.22,24.0,10.84,-128.0,14.0,83.0,0.0,196.64410350553504,0.0,142.1081388,492.46119999999996,22.56361711999999,29.111
0.0,84.0,20.0,2.14,45.43,3.65,0.0,0.0,5.71,587.22,24.0,10.84,-128.0,14.0,83.0,0.0,196.64410350553504,0.0,142.1081388,492.46119999999996,22.651758634999993,29.31
0.0,83.0,25.0,2.14,45.43,3.65,0.0,0.0,5.71,587.22,24.0,10.84,-128.0,14.0,83.0,0.0,196.64410350553504,0.0,142.1081388,492.46119999999996,22.974944189999988,29.516
0.0,82.0,28.0,2.11,65.84,3.69,0.0,0.0,5.68,588.22,24.0,10.84,-128.0,14.0,82.0,0.0,195.03832735239854,0.0,140.9476979,713.7056,23.092466209999984,29.712
0.0,81.0,31.0,2.11,65.84,3.69,0.0,0.0,5.68,588.22,24.0,10.84,-128.0,14.0,82.0,0.0,195.03832735239854,0.0,140.9476979,713.7056,23.20998822999998,29.91
0.0,80.0,35.0,2.14,78.34,3.72,0.0,0.0,5.7,595.84,24.0,10.82,-128.0,14.0,80.0,0.0,192.4414059149723,0.0,138.81440080000002,847.6388000000001,23.268749239999977,30.111
0.0,79.0,38.0,2.14,78.34,3.72,0.0,0.0,5.7,595.84,24.0,10.82,-128.0,14.0,80.0,0.0,192.4414059149723,0.0,138.81440080000002,847.6388000000001,23.474412774999976,30.315
1.0,78.0,41.0,2.16,107.96,3.74,0.0,0.0,5.73,590.09,24.0,10.86,-128.0,15.0,78.0,0.0,188.52126864640888,0.0,136.48939850000002,1172.4455999999998,23.503793279999982,30.511
3.0,77.0,44.0,2.16,107.96,3.74,0.0,0.0,5.73,590.09,24.0,10.86,-128.0,15.0,78.0,0.0,188.52126864640888,0.0,136.48939850000002,1172.4455999999998,23.53317378499999,30.71
5.0,76.0,47.0,2.16,107.96,3.74,0.0,0.0,5.73,590.09,24.0,10.86,-128.0,15.0,78.0,0.0,188.52126864640888,0.0,136.48939850000002,1172.4455999999998,23.591934794999986,30.911
7.0,75.0,49.0,2.19,122.47,3.74,0.0,0.0,5.75,575.14,24.0,10.9,-128.0,15.0,76.0,0.0,184.62990316513762,0.0,134.1643963,1334.923,23.503793279999982,31.115
10.0,74.0,52.0,2.19,122.47,3.74,0.0,0.0,5.75,575.14,24.0,10.9,-128.0,15.0,76.0,0.0,184.63330928284404,0.003375153,134.1643963,1334.923,23.445032269999984,31.311
13.0,73.0,53.0,2.19,175.23,3.72,0.0,0.0,5.75,589.95,24.0,10.89,-128.0,15.0,75.0,0.0,183.20282687704315,0.004577881,133.0018952,1908.2547,23.268749239999977,31.511
17.0,72.0,55.0,2.19,175.23,3.72,0.0,0.0,5.75,589.95,24.0,10.89,-128.0,15.0,75.0,0.0,183.2044467113866,0.006181516999999999,133.0018952,1908.2547,23.12184671499999,31.71
21.0,71.0,55.0,2.28,202.98,3.68,0.0,0.0,5.78,589.23,24.0,10.89,-128.0,15.0,72.0,0.0,171.86667187786958,0.00812425,124.769246,2210.4522,23.239368734999985,31.912
27.0,70.0,56.0,2.28,202.98,3.68,0.0,0.0,5.78,589.23,24.0,10.89,-128.0,15.0,72.0,0.0,171.86921733241505,0.01064425,124.769246,2210.4522,23.033705199999986,32.111
32.0,69.0,56.0,2.43,223.82,3.66,0.0,0.0,5.83,590.67,24.0,10.85,-128.0,14.0,71.0,0.0,168.7939202763134,0.013833818000000001,122.0841242,2428.4469999999997,23.00432469499998,32.312
37.0,68.0,56.0,2.43,223.82,3.66,0.0,0.0,5.83,590.67,24.0,10.85,-128.0,14.0,71.0,0.0,168.79641208046084,0.016291643,122.0841242,2428.4469999999997,23.00432469499998,32.511
100.0,0.0,100.0,2.43,223.82,3.66,0.0,0.0,5.83,590.67,24.0,10.85,-128.0,14.0,71.0,0.0,168.82947592304149,0.048904615,122.0841242,2428.4469999999997,23.00432469499998,0.113
100.0,0.0,100.0,2.43,223.82,3.66,0.0,0.0,5.83,590.67,24.0,10.85,-128.0,14.0,71.0,0.0,168.82947592304149,0.048904615,122.0841242,2428.4469999999997,23.00432469499998,0.314
100.0,0.0,100.0,2.43,223.82,3.66,0.0,0.0,5.83,590.67,24.0,10.85,-128.0,14.0,71.0,0.0,168.82947592304149,0.048904615,122.0841242,2428.4469999999997,23.00432469499998,0.514
100.0,0.0,100.0,2.43,223.82,3.66,0.0,0.0,5.83,590.67,24.0,10.85,-128.0,14.0,71.0,0.0,168.82947592304149,0.048904615,122.0841242,2428.4469999999997,22.76928065499999,0.713
100.0,0.0,100.0,2.43,223.82,3.66,0.0,0.0,5.83,590.67,24.0,10.85,-128.0,14.0,71.0,0.0,168.82947592304149,0.048904615,122.0841242,2428.4469999999997,22.886802674999984,0.913
100.0,0.0,100.0,2.43,223.82,3.66,0.0,0.0,5.83,590.67,24.0,10.85,-128.0,14.0,71.0,0.0,168.82947592304149,0.048904615,122.0841242,2428.4469999999997,23.033705199999986,1.113
100.0,0.0,100.0,2.43,223.82,3.66,0.0,0.0,5.83,590.67,24.0,10.85,-128.0,14.0,71.0,0.0,168.82947592304149,0.048904615,122.0841242,2428.4469999999997,23.063085704999978,1.313
100.0,0.0,100.0,2.43,223.82,3.66,0.0,0.0,5.83,590.67,24.0,10.85,-128.0,14.0,71.0,0.0,168.82947592304149,0.048904615,122.0841242,2428.4469999999997,22.886802674999984,1.514
100.0,0.0,100.0,2.43,223.82,3.66,0.0,0.0,5.83,590.67,24.0,10.85,-128.0,14.0,71.0,0.0,168.82947592304149,0.048904615,122.0841242,2428.4469999999997,22.945563684999982,1.713
100.0,0.0,100.0,2.43,223.82,3.66,0.0,0.0,5.83,590.67,24.0,10.85,-128.0,14.0,71.0,0.0,168.82947592304149,0.048904615,122.0841242,2428.4469999999997,22.79866115999998,1.914
100.0,0.0,100.0,2.43,223.82,3.66,0.0,0.0,5.83,590.67,24.0,10.85,-128.0,14.0,71.0,0.0,168.82947592304149,0.048904615,122.0841242,2428.4469999999997,23.00432469499998,2.113
100.0,0.0,100.0,2.43,223.82,3.66,0.0,0.0,5.83,590.67,24.0,10.85,-128.0,14.0,71.0,0.0,168.82947592304149,0.048904615,122.0841242,2428.4469999999997,23.033705199999986,2.318
100.0,0.0,100.0,2.43,223.82,3.66,0.0,0.0,5.83,590.67,24.0,10.85,-128.0,14.0,71.0,0.0,168.82947592304149,0.048904615,122.0841242,2428.4469999999997,23.12184671499999,2.513
100.0,0.0,100.0,2.43,223.82,3.66,0.0,0.0,5.83,590.67,24.0,10.85,-128.0,14.0,71.0,0.0,168.82947592304149,0.048904615,122.0841242,2428.4469999999997,23.092466209999984,2.713
100.0,0.0,100.0,2.43,223.82,3.66,0.0,0.0,5.83,590.67,24.0,10.85,-128.0,14.0,71.0,0.0,168.82947592304149,0.048904615,122.0841242,2428.4469999999997,23.033705199999986,2.913
100.0,0.0,100.0,2.43,223.82,3.66,0.0,0.0,5.83,590.67,24.0,10.85,-128.0,14.0,71.0,0.0,168.82947592304149,0.048904615,122.0841242,2428.4469999999997,23.00432469499998,3.118
100.0,0.0,100.0,2.43,223.82,3.66,0.0,0.0,5.83,590.67,24.0,10.85,-128.0,14.0,71.0,0.0,168.82947592304149,0.048904615,122.0841242,2428.4469999999997,23.033705199999986,3.313
100.0,0.0,100.0,0.51,315.24,0.42,0.0,10.0,0.59,-4.03,0.0,2.23,10.0,41.0,0.0,0.0,112.02080670672643,0.010316346,16.64619461,702.9852,23.15122721999998,3.514
100.0,0.0,100.0,0.51,315.24,0.42,0.0,10.0,0.59,-4.03,0.0,2.23,10.0,41.0,0.0,0.0,112.02080670672643,0.010316346,16.64619461,702.9852,22.945563684999982,3.713
100.0,0.0,100.0,0.51,315.24,0.42,0.0,10.0,0.59,-4.03,0.0,2.23,10.0,41.0,0.0,0.0,112.02080670672643,0.010316346,16.64619461,702.9852,22.681139139999985,3.918
100.0,0.0,100.0,0.51,315.24,0.42,0.0,10.0,0.59,-4.03,0.0,2.23,10.0,41.0,0.0,0.0,112.02080670672643,0.010316346,16.64619461,702.9852,22.56361711999999,4.113
100.0,0.0,100.0,0.51,315.24,0.42,0.0,10.0,0.59,-4.03,0.0,2.23,10.0,41.0,0.0,0.0,112.02080670672643,0.010316346,16.64619461,702.9852,22.681139139999985,4.313
100.0,0.0,100.0,0.51,315.24,0.42,0.0,10.0,0.59,-4.03,0.0,2.23,10.0,41.0,0.0,0.0,112.02080670672643,0.010316346,16.64619461,702.9852,22.886802674999984,4.514
100.0,0.0,100.0,0.51,315.24,0.42,0.0,10.0,0.59,-4.03,0.0,2.23,10.0,41.0,0.0,0.0,112.02080670672643,0.010316346,16.64619461,702.9852,23.12184671499999,4.718
100.0,0.0,100.0,0.51,315.24,0.42,0.0,10.0,0.59,-4.03,0.0,2.23,10.0,41.0,0.0,0.0,112.02080670672643,0.010316346,16.64619461,702.9852,23.15122721999998,4.915
100.0,0.0,100.0,1.45,391.58,0.65,0.0,10.0,1.41,-1.44,0.0,4.96,10.0,41.0,0.0,0.0,61.88665228709677,0.028716154,20.44279451,1942.2368,23.239368734999985,5.115
100.0,0.0,100.0,1.45,391.58,0.65,0.0,10.0,1.41,-1.44,0.0,4.96,10.0,41.0,0.0,0.0,61.88665228709677,0.028716154,20.44279451,1942.2368,23.180607724999987,5.313
100.0,0.0,100.0,1.45,391.58,0.65,0.0,10.0,1.41,-1.44,0.0,4.96,10.0,41.0,0.0,0.0,61.88665228709677,0.028716154,20.44279451,1942.2368,23.268749239999977,5.518
100.0,0.0,100.0,1.45,391.58,0.65,0.0,10.0,1.41,-1.44,0.0,4.96,10.0,41.0,0.0,0.0,61.88665228709677,0.028716154,20.44279451,1942.2368,23.033705199999986,5.713
100.0,0.0,100.0,1.45,391.58,0.65,0.0,10.0,1.41,-1.44,0.0,4.96,10.0,41.0,0.0,0.0,61.88665228709677,0.028716154,20.44279451,1942.2368,23.033705199999986,5.914
100.0,0.0,100.0,1.45,391.58,0.65,0.0,10.0,1.41,-1.44,0.0,4.96,10.0,41.0,0.0,0.0,61.88665228709677,0.028716154,20.44279451,1942.2368,23.092466209999984,6.113
100.0,0.0,100.0,1.45,391.58,0.65,0.0,10.0,1.41,-1.44,0.0,4.96,10.0,41.0,0.0,0.0,61.88665228709677,0.028716154,20.44279451,1942.2368,22.974944189999988,6.318
100.0,0.0,100.0,2.36,390.14,0.65,0.0,10.0,2.24,-1.58,0.0,7.63,10.0,41.0,0.0,0.0,40.256591662516385,0.046897885,20.44279451,2976.7682,23.00432469499998,6.514
100.0,0.0,100.0,2.36,390.14,0.65,0.0,10.0,2.24,-1.58,0.0,7.63,10.0,41.0,0.0,0.0,40.256591662516385,0.046897885,20.44279451,2976.7682,23.15122721999998,6.713
100.0,0.0,100.0,2.36,390.14,0.65,0.0,10.0,2.24,-1.58,0.0,7.63,10.0,41.0,0.0,0.0,40.256591662516385,0.046897885,20.44279451,2976.7682,23.092466209999984,6.914
100.0,0.0,100.0,2.36,390.14,0.65,0.0,10.0,2.24,-1.58,0.0,7.63,10.0,41.0,0.0,0.0,40.256591662516385,0.046897885,20.44279451,2976.7682,23.063085704999978,7.118
100.0,0.0,100.0,2.36,390.14,0.65,0.0,10.0,2.24,-1.58,0.0,7.63,10.0,41.0,0.0,0.0,40.256591662516385,0.046897885,20.44279451,2976.7682,23.00432469499998,7.313
100.0,0.0,100.0,2.36,390.14,0.65,0.0,10.0,2.24,-1.58,0.0,7.63,10.0,41.0,0.0,0.0,40.256591662516385,0.046897885,20.44279451,2976.7682,23.239368734999985,7.513
100.0,0.0,100.0,2.36,390.14,0.65,0.0,10.0,2.24,-1.58,0.0,7.63,10.0,41.0,0.0,0.0,40.256591662516385,0.046897885,20.44279451,2976.7682,23.20998822999998,7.713
100.0,0.0,100.0,2.36,390.14,0.65,0.0,10.0,2.24,-1.58,0.0,7.63,10.0,41.0,0.0,0.0,40.256591662516385,0.046897885,20.44279451,2976.7682,23.20998822999998,7.918
100.0,0.0,100.0,3.27,391.58,0.65,0.0,10.0,3.05,0.0,0.0,10.36,10.0,42.0,0.0,0.0,29.66750912818533,0.064861538,20.44279451,4056.7688,23.063085704999978,8.114
100.0,0.0,100.0,3.27,391.58,0.65,0.0,10.0,3.05,0.0,0.0,10.36,10.0,42.0,0.0,0.0,29.66750912818533,0.064861538,20.44279451,4056.7688,23.033705199999986,8.314
100.0,0.0,100.0,3.27,391.58,0.65,0.0,10.0,3.05,0.0,0.0,10.36,10.0,42.0,0.0,0.0,29.66750912818533,0.064861538,20.44279451,4056.7688,22.91618317999999,8.513
100.0,0.0,100.0,3.27,391.58,0.65,0.0,10.0,3.05,0.0,0.0,10.36,10.0,42.0,0.0,0.0,29.66750912818533,0.064861538,20.44279451,4056.7688,22.739900149999983,8.718
100.0,0.0,100.0,3.27,391.58,0.65,0.0,10.0,3.05,0.0,0.0,10.36,10.0,42.0,0.0,0.0,29.66750912818533,0.064861538,20.44279451,4056.7688,22.857422169999992,8.913
100.0,0.0,100.0,3.27,391.58,0.65,0.0,10.0,3.05,0.0,0.0,10.36,10.0,42.0,0.0,0.0,29.66750912818533,0.064861538,20.44279451,4056.7688,22.974944189999988,9.114
100.0,0.0,100.0,3.27,391.58,0.65,0.0,10.0,3.05,0.0,0.0,10.36,10.0,42.0,0.0,0.0,29.66750912818533,0.064861538,20.44279451,4056.7688,23.12184671499999,9.313
100.0,0.0,100.0,3.27,391.58,0.65,0.0,10.0,3.05,0.0,0.0,10.36,10.0,42.0,0.0,0.0,29.66750912818533,0.064861538,20.44279451,4056.7688,22.974944189999988,9.518
100.0,0.0,100.0,3.61,393.3,0.18,0.0,10.0,3.18,3.02,0.0,10.48,10.0,42.0,0.0,0.0,4.215561569179389,0.072775385,2.8919037339999996,4121.784000000001,22.828041664999986,9.715
100.0,0.0,100.0,3.61,393.3,0.18,0.0,10.0,3.18,3.02,0.0,10.48,10.0,42.0,0.0,0.0,4.215561569179389,0.072775385,2.8919037339999996,4121.784000000001,22.974944189999988,9.913
100.0,0.0,100.0,3.61,393.3,0.18,0.0,10.0,3.18,3.02,0.0,10.48,10.0,42.0,0.0,0.0,4.215561569179389,0.072775385,2.8919037339999996,4121.784000000001,23.063085704999978,10.114
100.0,0.0,100.0,3.61,393.3,0.18,0.0,10.0,3.18,3.02,0.0,10.48,10.0,42.0,0.0,0.0,4.215561569179389,0.072775385,2.8919037339999996,4121.784000000001,22.828041664999986,10.319
100.0,0.0,100.0,3.61,393.3,0.18,0.0,10.0,3.18,3.02,0.0,10.48,10.0,42.0,0.0,0.0,4.215561569179389,0.072775385,2.8919037339999996,4121.784000000001,22.79866115999998,10.514
100.0,0.0,100.0,3.61,393.3,0.18,0.0,10.0,3.18,3.02,0.0,10.48,10.0,42.0,0.0,0.0,4.215561569179389,0.072775385,2.8919037339999996,4121.784000000001,22.71051964499999,10.713
100.0,0.0,100.0,3.61,393.3,0.18,0.0,10.0,3.18,3.02,0.0,10.48,10.0,42.0,0.0,0.0,4.215561569179389,0.072775385,2.8919037339999996,4121.784000000001,22.79866115999998,10.913
100.0,0.0,100.0,3.61,393.3,0.18,0.0,10.0,3.18,3.02,0.0,10.48,10.0,42.0,0.0,0.0,4.215561569179389,0.072775385,2.8919037339999996,4121.784000000001,22.76928065499999,11.116
100.0,0.0,100.0,3.6,388.56,0.0,0.0,10.0,3.18,0.72,0.0,10.48,10.0,41.0,0.0,0.0,0.07638637738549618,0.072775385,0.0,4072.1088,22.76928065499999,11.317
100.0,0.0,100.0,3.6,388.56,0.0,0.0,10.0,3.18,0.72,0.0,10.48,10.0,41.0,0.0,0.0,0.07638637738549618,0.072775385,0.0,4072.1088,22.681139139999985,11.513
100.0,0.0,100.0,3.6,388.56,0.0,0.0,10.0,3.18,0.72,0.0,10.48,10.0,41.0,0.0,0.0,0.07638637738549618,0.072775385,0.0,4072.1088,22.857422169999992,11.713
100.0,0.0,100.0,3.6,388.56,0.0,0.0,10.0,3.18,0.72,0.0,10.48,10.0,41.0,0.0,0.0,0.07638637738549618,0.072775385,0.0,4072.1088,22.76928065499999,11.915
100.0,0.0,100.0,3.6,388.56,0.0,0.0,10.0,3.18,0.72,0.0,10.48,10.0,41.0,0.0,0.0,0.07638637738549618,0.072775385,0.0,4072.1088,22.681139139999985,12.114
100.0,0.0,100.0,3.6,388.56,0.0,0.0,10.0,3.18,0.72,0.0,10.48,10.0,41.0,0.0,0.0,0.07638637738549618,0.072775385,0.0,4072.1088,22.622378129999973,12.313
100.0,0.0,100.0,3.6,388.56,0.0,0.0,10.0,3.18,0.72,0.0,10.48,10.0,41.0,0.0,0.0,0.07638637738549618,0.072775385,0.0,4072.1088,22.534236614999983,12.513
100.0,0.0,100.0,3.6,388.56,0.0,0.0,10.0,3.18,0.72,0.0,10.48,10.0,41.0,0.0,0.0,0.07638637738549618,0.072775385,0.0,4072.1088,22.475475604999986,12.714
100.0,0.0,100.0,3.55,392.29,0.0,0.0,10.0,3.17,5.18,0.0,10.46,10.0,41.0,0.0,0.0,0.07445607858508603,0.070800962,0.0,4103.353400000001,22.56361711999999,12.913
100.0,0.0,100.0,3.55,392.29,0.0,0.0,10.0,3.17,5.18,0.0,10.46,10.0,41.0,0.0,0.0,0.07445607858508603,0.070800962,0.0,4103.353400000001,22.38733408999998,13.113
100.0,0.0,100.0,3.55,392.29,0.0,0.0,10.0,3.17,5.18,0.0,10.46,10.0,41.0,0.0,0.0,0.07445607858508603,0.070800962,0.0,4103.353400000001,22.269812069999986,13.313
100.0,0.0,100.0,3.55,392.29,0.0,0.0,10.0,3.17,5.18,0.0,10.46,10.0,41.0,0.0,0.0,0.07445607858508603,0.070800962,0.0,4103.353400000001,22.446095099999994,13.512
100.0,0.0,100.0,3.55,392.29,0.0,0.0,10.0,3.17,5.18,0.0,10.46,10.0,41.0,0.0,0.0,0.07445607858508603,0.070800962,0.0,4103.353400000001,22.50485610999999,13.715
100.0,0.0,100.0,3.55,392.29,0.0,0.0,10.0,3.17,5.18,0.0,10.46,10.0,41.0,0.0,0.0,0.07445607858508603,0.070800962,0.0,4103.353400000001,22.328573079999984,13.913
100.0,0.0,100.0,3.55,392.29,0.0,0.0,10.0,3.17,5.18,0.0,10.46,10.0,41.0,0.0,0.0,0.07445607858508603,0.070800962,0.0,4103.353400000001,22.152290049999976,14.113
100.0,0.0,100.0,3.57,391.0,0.0,0.0,10.0,3.17,8.48,0.0,10.47,10.0,41.0,0.0,0.0,0.07438496485195797,0.070800962,0.0,4093.7700000000004,22.240431564999994,14.314
100.0,0.0,100.0,3.57,391.0,0.0,0.0,10.0,3.17,8.48,0.0,10.47,10.0,41.0,0.0,0.0,0.07438496485195797,0.070800962,0.0,4093.7700000000004,22.446095099999994,14.516
100.0,0.0,100.0,3.57,391.0,0.0,0.0,10.0,3.17,8.48,0.0,10.47,10.0,41.0,0.0,0.0,0.07438496485195797,0.070800962,0.0,4093.7700000000004,22.534236614999983,14.713
100.0,0.0,100.0,3.57,391.0,0.0,0.0,10.0,3.17,8.48,0.0,10.47,10.0,41.0,0.0,0.0,0.07438496485195797,0.070800962,0.0,4093.7700000000004,22.269812069999986,14.912
100.0,100.0,100.0,3.57,391.0,0.0,0.0,10.0,3.17,8.48,0.0,10.47,10.0,41.0,0.0,0.0,0.07438496485195797,0.070800962,0.0,4093.7700000000004,22.21105105999999,15.113
100.0,100.0,100.0,3.57,391.0,0.0,0.0,10.0,3.17,8.48,0.0,10.47,10.0,41.0,0.0,0.0,0.07438496485195797,0.070800962,0.0,4093.7700000000004,21.946626514999977,15.313
100.0,100.0,100.0,3.57,391.0,0.0,0.0,10.0,3.17,8.48,0.0,10.47,10.0,41.0,0.0,0.0,0.07438496485195797,0.070800962,0.0,4093.7700000000004,22.240431564999994,15.513
100.0,100.0,100.0,3.57,391.0,0.0,0.0,10.0,3.17,8.48,0.0,10.47,10.0,41.0,0.0,0.0,0.07438496485195797,0.070800962,0.0,4093.7700000000004,22.681139139999985,15.713
100.0,100.0,100.0,3.55,388.56,0.03,0.0,10.0,3.17,5.03,0.0,10.48,10.0,44.0,95.0,0.0,0.4064273823473282,0.070800962,0.23203655899999998,4072.1088,22.56361711999999,15.914
100.0,100.0,100.0,3.55,388.56,0.03,0.0,10.0,3.17,5.03,0.0,10.48,10.0,44.0,95.0,0.0,0.4064273823473282,0.070800962,0.23203655899999998,4072.1088,22.651758634999993,16.113
100.0,100.0,100.0,3.55,388.56,0.03,0.0,10.0,3.17,5.03,0.0,10.48,10.0,44.0,95.0,0.0,0.4064273823473282,0.070800962,0.23203655899999998,4072.1088,22.59299762499998,16.314
100.0,100.0,100.0,3.55,388.56,0.03,0.0,10.0,3.17,5.03,0.0,10.48,10.0,44.0,95.0,0.0,0.4064273823473282,0.070800962,0.23203655899999998,4072.1088,22.416714594999988,16.514
100.0,100.0,0.0,3.55,388.56,0.03,0.0,10.0,3.17,5.03,0.0,10.48,10.0,44.0,95.0,0.0,0.4064273823473282,0.070800962,0.23203655899999998,4072.1088,22.328573079999984,16.713
100.0,100.0,0.0,3.55,388.56,0.03,0.0,10.0,3.17,5.03,0.0,10.48,10.0,44.0,95.0,0.0,0.4064273823473282,0.070800962,0.23203655899999998,4072.1088,22.328573079999984,16.918
100.0,100.0,0.0,3.55,388.56,0.03,0.0,10.0,3.17,5.03,0.0,10.48,10.0,44.0,95.0,0.0,0.4064273823473282,0.070800962,0.23203655899999998,4072.1088,22.56361711999999,17.113
100.0,100.0,0.0,3.55,388.56,0.03,0.0,10.0,3.17,5.03,0.0,10.48,10.0,44.0,95.0,0.0,0.4064273823473282,0.070800962,0.23203655899999998,4072.1088,22.416714594999988,17.313
100.0,100.0,0.0,3.61,392.44,0.77,0.0,10.0,3.14,7.33,0.0,10.61,10.0,39.0,95.0,0.0,10.547026807728558,0.072775385,7.406895013,4163.7883999999995,22.416714594999988,17.514
100.0,100.0,0.0,3.61,392.44,0.77,0.0,10.0,3.14,7.33,0.0,10.61,10.0,39.0,95.0,0.0,10.547026807728558,0.072775385,7.406895013,4163.7883999999995,22.416714594999988,17.718
100.0,100.0,0.0,3.61,392.44,0.77,0.0,10.0,3.14,7.33,0.0,10.61,10.0,39.0,95.0,0.0,10.547026807728558,0.072775385,7.406895013,4163.7883999999995,22.56361711999999,17.915
100.0,100.0,0.0,3.61,392.44,0.77,0.0,10.0,3.14,7.33,0.0,10.61,10.0,39.0,95.0,0.0,10.547026807728558,0.072775385,7.406895013,4163.7883999999995,22.681139139999985,18.113
100.0,100.0,0.0,3.61,392.44,0.77,0.0,10.0,3.14,7.33,0.0,10.61,10.0,39.0,95.0,0.0,10.547026807728558,0.072775385,7.406895013,4163.7883999999995,22.76928065499999,18.314
100.0,100.0,0.0,3.61,392.44,0.77,0.0,10.0,3.14,7.33,0.0,10.61,10.0,39.0,95.0,0.0,10.547026807728558,0.072775385,7.406895013,4163.7883999999995,22.651758634999993,18.518
100.0,100.0,0.0,3.61,392.44,0.77,0.0,10.0,3.14,7.33,0.0,10.61,10.0,39.0,95.0,0.0,10.547026807728558,0.072775385,7.406895013,4163.7883999999995,22.76928065499999,18.714
100.0,100.0,0.0,3.61,392.44,0.77,0.0,10.0,3.14,7.33,0.0,10.61,10.0,39.0,95.0,0.0,10.547026807728558,0.072775385,7.406895013,4163.7883999999995,22.59299762499998,18.913
100.0,100.0,0.0,5.33,4.89,1.72,0.0,10.0,3.02,9.2,0.0,10.88,10.0,42.0,95.0,0.0,101.03604499485293,0.105928654,73.20713029,53.2032,22.651758634999993,19.115
100.0,100.0,0.0,5.33,4.89,1.72,0.0,10.0,3.02,9.2,0.0,10.88,10.0,42.0,95.0,0.0,101.03604499485293,0.105928654,73.20713029,53.2032,22.91618317999999,19.318
100.0,100.0,0.0,5.33,4.89,1.72,0.0,10.0,3.02,9.2,0.0,10.88,10.0,42.0,95.0,0.0,101.03604499485293,0.105928654,73.20713029,53.2032,22.857422169999992,19.514
100.0,100.0,0.0,5.33,4.89,1.72,0.0,10.0,3.02,9.2,0.0,10.88,10.0,42.0,95.0,0.0,101.03604499485293,0.105928654,73.20713029,53.2032,22.91618317999999,19.713
100.0,100.0,0.0,5.33,4.89,1.72,0.0,10.0,3.02,9.2,0.0,10.88,10.0,42.0,95.0,0.0,101.03604499485293,0.105928654,73.20713029,53.2032,23.15122721999998,19.913
100.0,100.0,0.0,5.33,4.89,1.72,0.0,10.0,3.02,9.2,0.0,10.88,10.0,42.0,95.0,0.0,101.03604499485293,0.105928654,73.20713029,53.2032,23.474412774999976,20.118
100.0,100.0,0.0,5.33,4.89,1.72,0.0,10.0,3.02,9.2,0.0,10.88,10.0,42.0,95.0,0.0,101.03604499485293,0.105928654,73.20713029,53.2032,23.680076309999976,20.315
100.0,100.0,0.0,5.33,4.89,1.72,0.0,10.0,3.02,9.2,0.0,10.88,10.0,42.0,95.0,0.0,101.03604499485293,0.105928654,73.20713029,53.2032,23.70945681499998,20.512
100.0,100.0,0.0,7.39,0.29,2.84,0.0,10.0,2.88,5.89,0.0,11.11,10.0,40.0,95.0,0.0,195.6616426018002,0.143936346,144.8145033,3.2218999999999998,23.973881359999993,20.714
100.0,100.0,0.0,7.39,0.29,2.84,0.0,10.0,2.88,5.89,0.0,11.11,10.0,40.0,95.0,0.0,195.6616426018002,0.143936346,144.8145033,3.2218999999999998,24.12078388499998,20.918
100.0,100.0,0.0,7.39,0.29,2.84,0.0,10.0,2.88,5.89,0.0,11.11,10.0,40.0,95.0,0.0,195.6616426018002,0.143936346,144.8145033,3.2218999999999998,24.297066914999988,21.113
100.0,100.0,0.0,7.39,0.29,2.84,0.0,10.0,2.88,5.89,0.0,11.11,10.0,40.0,95.0,0.0,195.6616426018002,0.143936346,144.8145033,3.2218999999999998,24.32644741999998,21.314
100.0,100.0,0.0,7.39,0.29,2.84,0.0,10.0,2.88,5.89,0.0,11.11,10.0,40.0,95.0,0.0,195.6616426018002,0.143936346,144.8145033,3.2218999999999998,24.267686409999982,21.513
100.0,100.0,0.0,7.39,0.29,2.84,0.0,10.0,2.88,5.89,0.0,11.11,10.0,40.0,95.0,0.0,195.6616426018002,0.143936346,144.8145033,3.2218999999999998,24.09140337999999,21.718
100.0,100.0,0.0,7.39,0.29,2.84,0.0,10.0,2.88,5.89,0.0,11.11,10.0,40.0,95.0,0.0,195.6616426018002,0.143936346,144.8145033,3.2218999999999998,24.23830590499999,21.912
100.0,100.0,0.0,9.49,0.29,3.92,0.0,10.0,2.75,9.49,0.0,11.43,10.0,42.0,95.0,0.0,215.66921375634297,0.182685385,164.2059716,3.3146999999999998,24.355827924999986,22.113
100.0,100.0,0.0,9.49,0.29,3.92,0.0,10.0,2.75,9.49,0.0,11.43,10.0,42.0,95.0,0.0,215.66921375634297,0.182685385,164.2059716,3.3146999999999998,24.679013479999995,22.313
100.0,100.0,0.0,9.49,0.29,3.92,0.0,10.0,2.75,9.49,0.0,11.43,10.0,42.0,95.0,0.0,215.66921375634297,0.182685385,164.2059716,3.3146999999999998,24.914057519999986,22.514
100.0,100.0,0.0,9.49,0.29,3.92,0.0,10.0,2.75,9.49,0.0,11.43,10.0,42.0,95.0,0.0,215.66921375634297,0.182685385,164.2059716,3.3146999999999998,25.14910155999999,22.712
100.0,100.0,0.0,9.49,0.29,3.92,0.0,10.0,2.75,9.49,0.0,11.43,10.0,42.0,95.0,0.0,215.66921375634297,0.182685385,164.2059716,3.3146999999999998,25.090340549999993,22.913
100.0,100.0,0.0,9.49,0.29,3.92,0.0,10.0,2.75,9.49,0.0,11.43,10.0,42.0,95.0,0.0,215.66921375634297,0.182685385,164.2059716,3.3146999999999998,24.855296509999988,23.113
100.0,100.0,0.0,9.49,0.29,3.92,0.0,10.0,2.75,9.49,0.0,11.43,10.0,42.0,95.0,0.0,215.66921375634297,0.182685385,164.2059716,3.3146999999999998,24.914057519999986,23.314
100.0,100.0,0.0,9.49,0.29,3.92,0.0,10.0,2.75,9.49,0.0,11.43,10.0,42.0,95.0,0.0,215.66921375634297,0.182685385,164.2059716,3.3146999999999998,24.943438024999992,23.513
100.0,100.0,0.0,11.54,-4.6,4.35,0.0,10.0,2.64,10.21,0.0,11.53,10.0,40.0,95.0,0.0,202.16284972228968,0.042431618,155.3647273,-53.03799999999999,24.796535499999976,23.713
100.0,100.0,0.0,11.54,-4.6,4.35,0.0,10.0,2.64,10.21,0.0,11.53,10.0,40.0,95.0,0.0,202.16284972228968,0.042431618,155.3647273,-53.03799999999999,24.53211095499998,23.914
100.0,100.0,0.0,11.54,-4.6,4.35,0.0,10.0,2.64,10.21,0.0,11.53,10.0,40.0,95.0,0.0,202.16284972228968,0.042431618,155.3647273,-53.03799999999999,24.53211095499998,24.113
100.0,100.0,0.0,11.54,-4.6,4.35,0.0,10.0,2.64,10.21,0.0,11.53,10.0,40.0,95.0,0.0,202.16284972228968,0.042431618,155.3647273,-53.03799999999999,24.53211095499998,24.314
100.0,100.0,0.0,11.54,-4.6,4.35,0.0,10.0,2.64,10.21,0.0,11.53,10.0,40.0,95.0,0.0,202.16284972228968,0.042431618,155.3647273,-53.03799999999999,24.53211095499998,24.513
100.0,100.0,0.0,11.54,-4.6,4.35,0.0,10.0,2.64,10.21,0.0,11.53,10.0,40.0,95.0,0.0,202.16284972228968,0.042431618,155.3647273,-53.03799999999999,24.385208429999977,24.713
100.0,100.0,0.0,11.54,-4.6,4.35,0.0,10.0,2.64,10.21,0.0,11.53,10.0,40.0,95.0,0.0,202.16284972228968,0.042431618,155.3647273,-53.03799999999999,24.44396943999999,24.913
100.0,100.0,0.0,11.54,-4.6,4.35,0.0,10.0,2.64,10.21,0.0,11.53,10.0,40.0,95.0,0.0,202.16284972228968,0.042431618,155.3647273,-53.03799999999999,24.44396943999999,25.116
100.0,100.0,0.0,11.75,-3.45,4.56,0.0,10.0,2.63,11.79,0.0,11.58,10.0,45.0,95.0,0.0,191.89263434939554,0.009962206,148.1338081,-39.951,24.355827924999986,25.314
100.0,100.0,0.0,11.75,-3.45,4.56,0.0,10.0,2.63,11.79,0.0,11.58,10.0,45.0,95.0,0.0,191.89263434939554,0.009962206,148.1338081,-39.951,24.179544894999992,25.513
100.0,100.0,0.0,11.75,-3.45,4.56,0.0,10.0,2.63,11.79,0.0,11.58,10.0,45.0,95.0,0.0,191.89263434939554,0.009962206,148.1338081,-39.951,24.09140337999999,25.714
100.0,100.0,0.0,11.75,-3.45,4.56,0.0,10.0,2.63,11.79,0.0,11.58,10.0,45.0,95.0,0.0,191.89263434939554,0.009962206,148.1338081,-39.951,24.003261864999985,25.913
100.0,100.0,0.0,11.75,-3.45,4.56,0.0,10.0,2.63,11.79,0.0,11.58,10.0,45.0,95.0,0.0,191.89263434939554,0.009962206,148.1338081,-39.951,23.680076309999976,26.113
100.0,100.0,0.0,11.75,-3.45,4.56,0.0,10.0,2.63,11.79,0.0,11.58,10.0,45.0,95.0,0.0,191.89263434939554,0.009962206,148.1338081,-39.951,23.356890754999995,26.313
100.0,100.0,0.0,11.75,-3.45,4.56,0.0,10.0,2.63,11.79,0.0,11.58,10.0,45.0,95.0,0.0,191.89263434939554,0.009962206,148.1338081,-39.951,23.180607724999987,26.513
100.0,100.0,0.0,11.75,-3.45,4.56,0.0,10.0,2.63,11.79,0.0,11.58,10.0,45.0,95.0,0.0,191.89263434939554,0.009962206,148.1338081,-39.951,22.886802674999984,26.718
100.0,100.0,0.0,11.7,-1.87,4.64,0.0,10.0,2.63,11.36,0.0,11.59,10.0,41.0,95.0,0.0,186.25218548455564,0.009962206,143.90354969999999,-21.6733,23.033705199999986,26.914
100.0,100.0,0.0,11.7,-1.87,4.64,0.0,10.0,2.63,11.36,0.0,11.59,10.0,41.0,95.0,0.0,186.25218548455564,0.009962206,143.90354969999999,-21.6733,22.681139139999985,27.114
100.0,100.0,0.0,11.7,-1.87,4.64,0.0,10.0,2.63,11.36,0.0,11.59,10.0,41.0,95.0,0.0,186.25218548455564,0.009962206,143.90354969999999,-21.6733,22.56361711999999,27.313
100.0,100.0,0.0,11.7,-1.87,4.64,0.0,10.0,2.63,11.36,0.0,11.59,10.0,41.0,95.0,0.0,186.25218548455564,0.009962206,143.90354969999999,-21.6733,22.59299762499998,27.514
100.0,100.0,0.0,11.7,-1.87,4.64,0.0,10.0,2.63,11.36,0.0,11.59,10.0,41.0,95.0,0.0,186.25218548455564,0.009962206,143.90354969999999,-21.6733,22.475475604999986,27.713
100.0,100.0,0.0,11.7,-1.87,4.64,0.0,10.0,2.63,11.36,0.0,11.59,10.0,41.0,95.0,0.0,186.25218548455564,0.009962206,143.90354969999999,-21.6733,22.328573079999984,27.913
100.0,100.0,0.0,11.7,-1.87,4.64,0.0,10.0,2.63,11.36,0.0,11.59,10.0,41.0,95.0,0.0,186.25218548455564,0.009962206,143.90354969999999,-21.6733,22.00538752499999,28.113
100.0,100.0,0.0,11.7,-1.87,4.64,0.0,10.0,2.63,11.36,0.0,11.59,10.0,41.0,95.0,0.0,186.25218548455564,0.009962206,143.90354969999999,-21.6733,21.652821464999988,28.317
100.0,100.0,0.0,11.67,-4.03,4.69,0.0,10.0,2.63,10.78,0.0,11.59,10.0,38.0,95.0,0.0,186.26772843520274,0.026338824,143.90354969999999,-46.7077,21.44715792999999,28.514
100.0,100.0,0.0,11.67,-4.03,4.69,0.0,10.0,2.63,10.78,0.0,11.59,10.0,38.0,95.0,0.0,186.26772843520274,0.026338824,143.90354969999999,-46.7077,21.065211364999982,28.713
100.0,100.0,0.0,11.67,-4.03,4.69,0.0,10.0,2.63,10.78,0.0,11.59,10.0,38.0,95.0,0.0,186.26772843520274,0.026338824,143.90354969999999,-46.7077,21.18273338499999,28.913
100.0,100.0,0.0,11.67,-4.03,4.69,0.0,10.0,2.63,10.78,0.0,11.59,10.0,38.0,95.0,0.0,186.26772843520274,0.026338824,143.90354969999999,-46.7077,21.27087489999998,29.117
100.0,100.0,0.0,11.67,-4.03,4.69,0.0,10.0,2.63,10.78,0.0,11.59,10.0,38.0,95.0,0.0,186.26772843520274,0.026338824,143.90354969999999,-46.7077,21.535299444999993,29.314
100.0,100.0,0.0,11.67,-4.03,4.69,0.0,10.0,2.63,10.78,0.0,11.59,10.0,38.0,95.0,0.0,186.26772843520274,0.026338824,143.90354969999999,-46.7077,21.47653843499998,29.514
100.0,100.0,0.0,11.67,-4.03,4.69,0.0,10.0,2.63,10.78,0.0,11.59,10.0,38.0,95.0,0.0,186.26772843520274,0.026338824,143.90354969999999,-46.7077,21.740962979999978,29.713
100.0,100.0,0.0,11.67,-4.03,4.69,0.0,10.0,2.63,10.78,0.0,11.59,10.0,38.0,95.0,0.0,186.26772843520274,0.026338824,143.90354969999999,-46.7077,21.82910449499998,29.918
100.0,100.0,0.0,11.66,3.88,4.73,0.0,10.0,2.63,5.32,0.0,11.59,10.0,42.0,95.0,0.0,180.31659439723904,0.026338824,139.3053068,44.9692,21.68220196999998,30.114
100.0,100.0,0.0,11.66,3.88,4.73,0.0,10.0,2.63,5.32,0.0,11.59,10.0,42.0,95.0,0.0,180.31659439723904,0.026338824,139.3053068,44.9692,21.82910449499998,30.313
100.0,100.0,0.0,11.66,3.88,4.73,0.0,10.0,2.63,5.32,0.0,11.59,10.0,42.0,95.0,0.0,180.31659439723904,0.026338824,139.3053068,44.9692,22.09352903999998,30.514
100.0,100.0,0.0,11.66,3.88,4.73,0.0,10.0,2.63,5.32,0.0,11.59,10.0,42.0,95.0,0.0,180.31659439723904,0.026338824,139.3053068,44.9692,22.09352903999998,30.718
100.0,100.0,0.0,11.66,3.88,4.73,0.0,10.0,2.63,5.32,0.0,11.59,10.0,42.0,95.0,0.0,180.31659439723904,0.026338824,139.3053068,44.9692,22.152290049999976,30.913
100.0,0.0,0.0,11.66,3.88,4.73,0.0,10.0,2.63,5.32,0.0,11.59,10.0,42.0,95.0,0.0,180.31659439723904,0.026338824,139.3053068,44.9692,22.416714594999988,31.112
100.0,0.0,0.0,11.66,3.88,4.73,0.0,10.0,2.63,5.32,0.0,11.59,10.0,42.0,95.0,0.0,180.31659439723904,0.026338824,139.3053068,44.9692,22.475475604999986,31.313
100.0,0.0,0.0,11.66,3.88,4.73,0.0,10.0,2.63,5.32,0.0,11.59,10.0,42.0,95.0,0.0,180.31659439723904,0.026338824,139.3053068,44.9692,22.50485610999999,31.518
100.0,0.0,0.0,11.65,1.15,4.74,0.0,10.0,2.64,5.75,0.0,11.54,10.0,42.0,0.0,0.0,0.02510633136915078,0.026338824,0.0,13.270999999999997,22.534236614999983,31.713
100.0,0.0,0.0,11.65,1.15,4.74,0.0,10.0,2.64,5.75,0.0,11.54,10.0,42.0,0.0,0.0,0.02510633136915078,0.026338824,0.0,13.270999999999997,22.534236614999983,31.914
100.0,0.0,0.0,11.65,1.15,4.74,0.0,10.0,2.64,5.75,0.0,11.54,10.0,42.0,0.0,0.0,0.02510633136915078,0.026338824,0.0,13.270999999999997,22.71051964499999,32.113
100.0,0.0,0.0,11.65,1.15,4.74,0.0,10.0,2.64,5.75,0.0,11.54,10.0,42.0,0.0,0.0,0.02510633136915078,0.026338824,0.0,13.270999999999997,22.828041664999986,32.318
100.0,0.0,0.0,11.65,1.15,4.74,0.0,10.0,2.64,5.75,0.0,11.54,10.0,42.0,0.0,0.0,0.02510633136915078,0.026338824,0.0,13.270999999999997,22.857422169999992,32.513
100.0,0.0,0.0,11.65,1.15,4.74,0.0,10.0,2.64,5.75,0.0,11.54,10.0,42.0,0.0,0.0,0.02510633136915078,0.026338824,0.0,13.270999999999997,22.79866115999998,32.714
100.0,0.0,0.0,11.65,1.15,4.74,0.0,10.0,2.64,5.75,0.0,11.54,10.0,42.0,0.0,0.0,0.02510633136915078,0.026338824,0.0,13.270999999999997,22.328573079999984,32.913
100.0,0.0,0.0,11.66,1.01,4.63,0.0,10.0,2.63,7.62,0.0,11.58,10.0,41.0,0.0,32.0,0.02501960829015544,0.026338824,0.0,11.6958,22.59299762499998,33.12
100.0,0.0,0.0,11.66,1.01,4.63,0.0,10.0,2.63,7.62,0.0,11.58,10.0,41.0,0.0,32.0,0.02501960829015544,0.026338824,0.0,11.6958,22.739900149999983,33.313
100.0,0.0,0.0,11.66,1.01,4.63,0.0,10.0,2.63,7.62,0.0,11.58,10.0,41.0,0.0,32.0,0.02501960829015544,0.026338824,0.0,11.6958,22.416714594999988,33.514
100.0,0.0,0.0,11.66,1.01,4.63,0.0,10.0,2.63,7.62,0.0,11.58,10.0,41.0,0.0,32.0,0.02501960829015544,0.026338824,0.0,11.6958,22.357953584999976,33.713
100.0,0.0,0.0,11.66,1.01,4.63,0.0,10.0,2.63,7.62,0.0,11.58,10.0,41.0,0.0,32.0,0.02501960829015544,0.026338824,0.0,11.6958,22.534236614999983,33.918
100.0,0.0,0.0,11.66,1.01,4.63,0.0,10.0,2.63,7.62,0.0,11.58,10.0,41.0,0.0,32.0,0.02501960829015544,0.026338824,0.0,11.6958,22.446095099999994,34.116
100.0,0.0,0.0,11.66,1.01,4.63,0.0,10.0,2.63,7.62,0.0,11.58,10.0,41.0,0.0,32.0,0.02501960829015544,0.026338824,0.0,11.6958,22.828041664999986,34.313
100.0,0.0,0.0,11.66,1.01,4.63,0.0,10.0,2.63,7.62,0.0,11.58,10.0,41.0,0.0,32.0,0.02501960829015544,0.026338824,0.0,11.6958,23.033705199999986,34.512
100.0,0.0,0.0,11.67,6.61,4.06,0.0,10.0,2.63,8.48,0.0,11.45,10.0,42.0,0.0,42.0,0.025303673711790393,0.026338824,0.0,75.6845,23.32751024999999,34.719
100.0,0.0,0.0,11.67,6.61,4.06,0.0,10.0,2.63,8.48,0.0,11.45,10.0,42.0,0.0,42.0,0.025303673711790393,0.026338824,0.0,75.6845,23.268749239999977,34.913
100.0,0.0,0.0,11.67,6.61,4.06,0.0,10.0,2.63,8.48,0.0,11.45,10.0,42.0,0.0,42.0,0.025303673711790393,0.026338824,0.0,75.6845,23.15122721999998,35.113
100.0,0.0,0.0,11.67,6.61,4.06,0.0,10.0,2.63,8.48,0.0,11.45,10.0,42.0,0.0,42.0,0.025303673711790393,0.026338824,0.0,75.6845,22.974944189999988,35.313
100.0,0.0,0.0,11.67,6.61,4.06,0.0,10.0,2.63,8.48,0.0,11.45,10.0,42.0,0.0,42.0,0.025303673711790393,0.026338824,0.0,75.6845,23.180607724999987,35.515
100.0,0.0,0.0,11.67,6.61,4.06,0.0,10.0,2.63,8.48,0.0,11.45,10.0,42.0,0.0,42.0,0.025303673711790393,0.026338824,0.0,75.6845,23.20998822999998,35.713
100.0,0.0,0.0,11.67,6.61,4.06,0.0,10.0,2.63,8.48,0.0,11.45,10.0,42.0,0.0,42.0,0.025303673711790393,0.026338824,0.0,75.6845,23.180607724999987,35.913
100.0,0.0,0.0,11.67,6.61,4.06,0.0,10.0,2.63,8.48,0.0,11.45,10.0,42.0,0.0,42.0,0.025303673711790393,0.026338824,0.0,75.6845,23.00432469499998,36.113
100.0,0.0,0.0,11.71,0.14,3.02,0.0,10.0,2.63,7.91,0.0,11.37,10.0,43.0,0.0,0.0,0.009638018117854003,0.009962206,0.0,1.5918,22.974944189999988,36.315
100.0,0.0,0.0,11.71,0.14,3.02,0.0,10.0,2.63,7.91,0.0,11.37,10.0,43.0,0.0,0.0,0.009638018117854003,0.009962206,0.0,1.5918,22.945563684999982,36.514
100.0,0.0,0.0,11.71,0.14,3.02,0.0,10.0,2.63,7.91,0.0,11.37,10.0,43.0,0.0,0.0,0.009638018117854003,0.009962206,0.0,1.5918,22.79866115999998,36.714
100.0,0.0,0.0,11.71,0.14,3.02,0.0,10.0,2.63,7.91,0.0,11.37,10.0,43.0,0.0,0.0,0.009638018117854003,0.009962206,0.0,1.5918,22.945563684999982,36.913
100.0,0.0,0.0,11.71,0.14,3.02,0.0,10.0,2.63,7.91,0.0,11.37,10.0,43.0,0.0,0.0,0.009638018117854003,0.009962206,0.0,1.5918,22.828041664999986,37.113
100.0,0.0,0.0,11.71,0.14,3.02,0.0,10.0,2.63,7.91,0.0,11.37,10.0,43.0,0.0,0.0,0.009638018117854003,0.009962206,0.0,1.5918,22.651758634999993,37.313
100.0,0.0,0.0,11.71,0.14,3.02,0.0,10.0,2.63,7.91,0.0,11.37,10.0,43.0,0.0,0.0,0.009638018117854003,0.009962206,0.0,1.5918,22.79866115999998,37.514
100.0,0.0,0.0,11.71,0.14,3.02,0.0,10.0,2.63,7.91,0.0,11.37,10.0,43.0,0.0,0.0,0.009638018117854003,0.009962206,0.0,1.5918,22.739900149999983,37.714
100.0,0.0,0.0,11.71,2.01,1.82,0.0,10.0,2.62,11.79,0.0,11.24,10.0,42.0,0.0,0.0,0.3719821224199288,0.009962206,0.271432986,22.592399999999998,22.79866115999998,37.915
100.0,0.0,0.0,11.71,2.01,1.82,0.0,10.0,2.62,11.79,0.0,11.24,10.0,42.0,0.0,0.0,0.3719821224199288,0.009962206,0.271432986,22.592399999999998,22.56361711999999,38.114
100.0,0.0,0.0,11.71,2.01,1.82,0.0,10.0,2.62,11.79,0.0,11.24,10.0,42.0,0.0,0.0,0.3719821224199288,0.009962206,0.271432986,22.592399999999998,22.299192574999992,38.313
100.0,0.0,0.0,11.71,2.01,1.82,0.0,10.0,2.62,11.79,0.0,11.24,10.0,42.0,0.0,0.0,0.3719821224199288,0.009962206,0.271432986,22.592399999999998,22.416714594999988,38.514
100.0,0.0,0.0,11.71,2.01,1.82,0.0,10.0,2.62,11.79,0.0,11.24,10.0,42.0,0.0,0.0,0.3719821224199288,0.009962206,0.271432986,22.592399999999998,22.56361711999999,38.713
100.0,0.0,0.0,11.71,2.01,1.82,0.0,10.0,2.62,11.79,0.0,11.24,10.0,42.0,0.0,0.0,0.3719821224199288,0.009962206,0.271432986,22.592399999999998,23.033705199999986,38.913
100.0,0.0,0.0,11.71,2.01,1.82,0.0,10.0,2.62,11.79,0.0,11.24,10.0,42.0,0.0,0.0,0.3719821224199288,0.009962206,0.271432986,22.592399999999998,23.00432469499998,39.113
100.0,0.0,0.0,11.71,2.01,1.82,0.0,10.0,2.62,11.79,0.0,11.24,10.0,42.0,0.0,0.0,0.3719821224199288,0.009962206,0.271432986,22.592399999999998,23.033705199999986,39.313
100.0,0.0,0.0,11.69,-0.86,0.76,0.0,10.0,2.62,9.92,0.0,11.11,10.0,41.0,0.0,0.0,28.165745680828078,0.026338824,20.84211383,-9.554599999999999,23.15122721999998,39.514
100.0,0.0,0.0,11.69,-0.86,0.76,0.0,10.0,2.62,9.92,0.0,11.11,10.0,41.0,0.0,0.0,28.165745680828078,0.026338824,20.84211383,-9.554599999999999,23.32751024999999,39.713
100.0,0.0,0.0,11.69,-0.86,0.76,0.0,10.0,2.62,9.92,0.0,11.11,10.0,41.0,0.0,0.0,28.165745680828078,0.026338824,20.84211383,-9.554599999999999,23.386271259999987,39.913
100.0,0.0,0.0,11.69,-0.86,0.76,0.0,10.0,2.62,9.92,0.0,11.11,10.0,41.0,0.0,0.0,28.165745680828078,0.026338824,20.84211383,-9.554599999999999,23.70945681499998,40.113
100.0,0.0,0.0,11.69,-0.86,0.76,0.0,10.0,2.62,9.92,0.0,11.11,10.0,41.0,0.0,0.0,28.165745680828078,0.026338824,20.84211383,-9.554599999999999,23.768217824999994,40.314
100.0,0.0,0.0,11.69,-0.86,0.76,0.0,10.0,2.62,9.92,0.0,11.11,10.0,41.0,0.0,0.0,28.165745680828078,0.026338824,20.84211383,-9.554599999999999,23.70945681499998,40.518
100.0,0.0,0.0,11.69,-0.86,0.76,0.0,10.0,2.62,9.92,0.0,11.11,10.0,41.0,0.0,0.0,28.165745680828078,0.026338824,20.84211383,-9.554599999999999,23.53317378499999,40.713
100.0,0.0,0.0,11.69,-0.86,0.76,0.0,10.0,2.62,9.92,0.0,11.11,10.0,41.0,0.0,0.0,28.165745680828078,0.026338824,20.84211383,-9.554599999999999,23.41565176499998,40.914
100.0,0.0,0.0,11.71,-3.16,0.15,0.0,10.0,2.61,14.09,0.0,11.11,10.0,41.0,0.0,0.0,3.9143240572457243,0.009962206,2.8919037339999996,-35.1076,23.562554289999994,41.114
100.0,0.0,0.0,11.71,-3.16,0.15,0.0,10.0,2.61,14.09,0.0,11.11,10.0,41.0,0.0,0.0,3.9143240572457243,0.009962206,2.8919037339999996,-35.1076,23.591934794999986,41.318
100.0,0.0,0.0,11.71,-3.16,0.15,0.0,10.0,2.61,14.09,0.0,11.11,10.0,41.0,0.0,0.0,3.9143240572457243,0.009962206,2.8919037339999996,-35.1076,23.53317378499999,41.513
100.0,0.0,0.0,11.71,-3.16,0.15,0.0,10.0,2.61,14.09,0.0,11.11,10.0,41.0,0.0,0.0,3.9143240572457243,0.009962206,2.8919037339999996,-35.1076,23.356890754999995,41.713
100.0,0.0,0.0,11.71,-3.16,0.15,0.0,10.0,2.61,14.09,0.0,11.11,10.0,41.0,0.0,0.0,3.9143240572457243,0.009962206,2.8919037339999996,-35.1076,23.591934794999986,41.913
100.0,0.0,0.0,11.71,-3.16,0.15,0.0,10.0,2.61,14.09,0.0,11.11,10.0,41.0,0.0,0.0,3.9143240572457243,0.009962206,2.8919037339999996,-35.1076,23.91512034999998,42.118
100.0,0.0,0.0,11.71,-3.16,0.15,0.0,10.0,2.61,14.09,0.0,11.11,10.0,41.0,0.0,0.0,3.9143240572457243,0.009962206,2.8919037339999996,-35.1076,24.003261864999985,42.315
100.0,0.0,0.0,11.71,-3.16,0.15,0.0,10.0,2.61,14.09,0.0,11.11,10.0,41.0,0.0,0.0,3.9143240572457243,0.009962206,2.8919037339999996,-35.1076,23.91512034999998,42.513
100.0,0.0,100.0,11.69,-1.58,0.0,0.0,10.0,2.61,13.37,0.0,11.11,10.0,41.0,0.0,0.0,0.026078043564356435,0.026338824,0.0,-17.5538,24.12078388499998,42.714
100.0,0.0,100.0,11.69,-1.58,0.0,0.0,10.0,2.61,13.37,0.0,11.11,10.0,41.0,0.0,0.0,0.026078043564356435,0.026338824,0.0,-17.5538,23.91512034999998,42.918
100.0,0.0,100.0,11.69,-1.58,0.0,0.0,10.0,2.61,13.37,0.0,11.11,10.0,41.0,0.0,0.0,0.026078043564356435,0.026338824,0.0,-17.5538,23.797598329999985,43.113
100.0,0.0,100.0,11.69,-1.58,0.0,0.0,10.0,2.61,13.37,0.0,11.11,10.0,41.0,0.0,0.0,0.026078043564356435,0.026338824,0.0,-17.5538,23.650695804999984,43.313
100.0,0.0,100.0,11.69,-1.58,0.0,0.0,10.0,2.61,13.37,0.0,11.11,10.0,41.0,0.0,0.0,0.026078043564356435,0.026338824,0.0,-17.5538,23.562554289999994,43.513
100.0,0.0,100.0,11.69,-1.58,0.0,0.0,10.0,2.61,13.37,0.0,11.11,10.0,41.0,0.0,0.0,0.026078043564356435,0.026338824,0.0,-17.5538,23.53317378499999,43.718
100.0,0.0,100.0,11.69,-1.58,0.0,0.0,10.0,2.61,13.37,0.0,11.11,10.0,41.0,0.0,0.0,0.026078043564356435,0.026338824,0.0,-17.5538,23.41565176499998,43.913
100.0,0.0,100.0,10.78,235.03,0.0,0.0,10.0,2.68,13.23,0.0,11.05,10.0,40.0,0.0,0.0,0.16022801484162896,0.160956324,0.0,2597.0815000000002,23.41565176499998,44.114
100.0,0.0,100.0,10.78,235.03,0.0,0.0,10.0,2.68,13.23,0.0,11.05,10.0,40.0,0.0,0.0,0.16022801484162896,0.160956324,0.0,2597.0815000000002,23.386271259999987,44.313
100.0,0.0,100.0,10.78,235.03,0.0,0.0,10.0,2.68,13.23,0.0,11.05,10.0,40.0,0.0,0.0,0.16022801484162896,0.160956324,0.0,2597.0815000000002,23.15122721999998,44.518
100.0,0.0,100.0,10.78,235.03,0.0,0.0,10.0,2.68,13.23,0.0,11.05,10.0,40.0,0.0,0.0,0.16022801484162896,0.160956324,0.0,2597.0815000000002,23.239368734999985,44.714
100.0,0.0,100.0,10.78,235.03,0.0,0.0,10.0,2.68,13.23,0.0,11.05,10.0,40.0,0.0,0.0,0.16022801484162896,0.160956324,0.0,2597.0815000000002,23.239368734999985,44.913
100.0,0.0,100.0,10.78,235.03,0.0,0.0,10.0,2.68,13.23,0.0,11.05,10.0,40.0,0.0,0.0,0.16022801484162896,0.160956324,0.0,2597.0815000000002,23.41565176499998,45.113
100.0,0.0,100.0,10.78,235.03,0.0,0.0,10.0,2.68,13.23,0.0,11.05,10.0,40.0,0.0,0.0,0.16022801484162896,0.160956324,0.0,2597.0815000000002,23.591934794999986,45.317
100.0,0.0,100.0,10.78,235.03,0.0,0.0,10.0,2.68,13.23,0.0,11.05,10.0,40.0,0.0,0.0,0.16022801484162896,0.160956324,0.0,2597.0815000000002,23.621315299999992,45.513
100.0,0.0,100.0,8.79,390.86,0.0,0.0,10.0,2.82,10.78,0.0,10.81,10.0,40.0,0.0,0.0,0.17288719537465308,0.169900962,0.0,4225.1966,23.680076309999976,45.713
100.0,0.0,100.0,8.79,390.86,0.0,0.0,10.0,2.82,10.78,0.0,10.81,10.0,40.0,0.0,0.0,0.17288719537465308,0.169900962,0.0,4225.1966,23.650695804999984,45.914
100.0,0.0,100.0,8.79,390.86,0.0,0.0,10.0,2.82,10.78,0.0,10.81,10.0,40.0,0.0,0.0,0.17288719537465308,0.169900962,0.0,4225.1966,23.503793279999982,46.118
100.0,0.0,100.0,8.79,390.86,0.0,0.0,10.0,2.82,10.78,0.0,10.81,10.0,40.0,0.0,0.0,0.17288719537465308,0.169900962,0.0,4225.1966,23.356890754999995,46.314
100.0,0.0,100.0,8.79,390.86,0.0,0.0,10.0,2.82,10.78,0.0,10.81,10.0,40.0,0.0,0.0,0.17288719537465308,0.169900962,0.0,4225.1966,23.32751024999999,46.513
100.0,0.0,100.0,8.79,390.86,0.0,0.0,10.0,2.82,10.78,0.0,10.81,10.0,40.0,0.0,0.0,0.17288719537465308,0.169900962,0.0,4225.1966,23.503793279999982,46.714
100.0,0.0,100.0,8.79,390.86,0.0,0.0,10.0,2.82,10.78,0.0,10.81,10.0,40.0,0.0,0.0,0.17288719537465308,0.169900962,0.0,4225.1966,23.591934794999986,46.918
100.0,0.0,100.0,8.79,390.86,0.0,0.0,10.0,2.82,10.78,0.0,10.81,10.0,40.0,0.0,0.0,0.17288719537465308,0.169900962,0.0,4225.1966,23.32751024999999,47.113
100.0,0.0,100.0,6.73,392.01,0.0,0.0,10.0,2.97,12.22,0.0,10.64,10.0,40.0,0.0,0.0,0.13713517528195487,0.132647115,0.0,4170.9864,23.12184671499999,47.314
100.0,0.0,100.0,6.73,392.01,0.0,0.0,10.0,2.97,12.22,0.0,10.64,10.0,40.0,0.0,0.0,0.13713517528195487,0.132647115,0.0,4170.9864,22.886802674999984,47.513
100.0,0.0,100.0,6.73,392.01,0.0,0.0,10.0,2.97,12.22,0.0,10.64,10.0,40.0,0.0,0.0,0.13713517528195487,0.132647115,0.0,4170.9864,22.79866115999998,47.717
100.0,0.0,100.0,6.73,392.01,0.0,0.0,10.0,2.97,12.22,0.0,10.64,10.0,40.0,0.0,0.0,0.13713517528195487,0.132647115,0.0,4170.9864,22.622378129999973,47.915
100.0,0.0,100.0,6.73,392.01,0.0,0.0,10.0,2.97,12.22,0.0,10.64,10.0,40.0,0.0,0.0,0.13713517528195487,0.132647115,0.0,4170.9864,22.328573079999984,48.114
100.0,0.0,100.0,6.73,392.01,0.0,0.0,10.0,2.97,12.22,0.0,10.64,10.0,40.0,0.0,0.0,0.13713517528195487,0.132647115,0.0,4170.9864,22.064148534999987,48.313
100.0,0.0,100.0,6.73,392.01,0.0,0.0,10.0,2.97,12.22,0.0,10.64,10.0,40.0,0.0,0.0,0.13713517528195487,0.132647115,0.0,4170.9864,22.122909544999985,48.514
0.0,0.0,100.0,4.57,385.83,0.0,0.0,10.0,3.11,6.61,0.0,10.44,10.0,40.0,0.0,0.0,0.0,0.0,0.0,4028.0651999999995,22.269812069999986,48.716
0.0,0.0,100.0,4.57,385.83,0.0,0.0,10.0,3.11,6.61,0.0,10.44,10.0,40.0,0.0,0.0,0.0,0.0,0.0,4028.0651999999995,22.328573079999984,48.913
0.0,0.0,100.0,4.57,385.83,0.0,0.0,10.0,3.11,6.61,0.0,10.44,10.0,40.0,0.0,0.0,0.0,0.0,0.0,4028.0651999999995,22.475475604999986,49.113
0.0,0.0,100.0,4.57,385.83,0.0,0.0,10.0,3.11,6.61,0.0,10.44,10.0,40.0,0.0,0.0,0.0,0.0,0.0,4028.0651999999995,22.651758634999993,49.315
0.0,0.0,100.0,4.57,385.83,0.0,0.0,10.0,3.11,6.61,0.0,10.44,10.0,40.0,0.0,0.0,0.0,0.0,0.0,4028.0651999999995,22.475475604999986,49.513
0.0,0.0,100.0,4.57,385.83,0.0,0.0,10.0,3.11,6.61,0.0,10.44,10.0,40.0,0.0,0.0,0.0,0.0,0.0,4028.0651999999995,22.416714594999988,49.713
0.0,0.0,100.0,4.57,385.83,0.0,0.0,10.0,3.11,6.61,0.0,10.44,10.0,40.0,0.0,0.0,0.0,0.0,0.0,4028.0651999999995,22.56361711999999,49.913
0.0,0.0,100.0,4.57,385.83,0.0,0.0,10.0,3.11,6.61,0.0,10.44,10.0,40.0,0.0,0.0,0.0,0.0,0.0,4028.0651999999995,23.033705199999986,50.112
0.0,0.0,100.0,3.54,406.67,0.0,0.0,10.0,3.15,10.93,0.0,10.41,10.0,41.0,0.0,0.0,0.0,0.0,0.0,4233.4347,23.503793279999982,50.315
0.0,0.0,100.0,3.54,406.67,0.0,0.0,10.0,3.15,10.93,0.0,10.41,10.0,41.0,0.0,0.0,0.0,0.0,0.0,4233.4347,23.856359339999983,50.512
0.0,0.0,100.0,3.54,406.67,0.0,0.0,10.0,3.15,10.93,0.0,10.41,10.0,41.0,0.0,0.0,0.0,0.0,0.0,4233.4347,23.738837319999988,50.713
0.0,0.0,100.0,3.54,406.67,0.0,0.0,10.0,3.15,10.93,0.0,10.41,10.0,41.0,0.0,0.0,0.0,0.0,0.0,4233.4347,23.562554289999994,50.913
0.0,0.0,100.0,3.54,406.67,0.0,0.0,10.0,3.15,10.93,0.0,10.41,10.0,41.0,0.0,0.0,0.0,0.0,0.0,4233.4347,23.386271259999987,51.113
0.0,0.0,100.0,3.54,406.67,0.0,0.0,10.0,3.15,10.93,0.0,10.41,10.0,41.0,0.0,0.0,0.0,0.0,0.0,4233.4347,23.298129744999997,51.312
0.0,0.0,100.0,3.54,406.67,0.0,0.0,10.0,3.15,10.93,0.0,10.41,10.0,41.0,0.0,0.0,0.0,0.0,0.0,4233.4347,23.41565176499998,51.513
0.0,0.0,100.0,3.54,406.67,0.0,0.0,10.0,3.15,10.93,0.0,10.41,10.0,41.0,0.0,0.0,0.0,0.0,0.0,4233.4347,23.503793279999982,51.713
0.0,0.0,100.0,3.19,412.27,0.0,0.0,10.0,3.12,11.07,0.0,10.48,10.0,40.0,0.0,0.0,0.0,0.0,0.0,4320.5896,23.445032269999984,51.914
0.0,0.0,100.0,3.19,412.27,0.0,0.0,10.0,3.12,11.07,0.0,10.48,10.0,40.0,0.0,0.0,0.0,0.0,0.0,4320.5896,23.562554289999994,52.113
0.0,0.0,100.0,3.19,412.27,0.0,0.0,10.0,3.12,11.07,0.0,10.48,10.0,40.0,0.0,0.0,0.0,0.0,0.0,4320.5896,23.503793279999982,52.314
0.0,0.0,100.0,3.19,412.27,0.0,0.0,10.0,3.12,11.07,0.0,10.48,10.0,40.0,0.0,0.0,0.0,0.0,0.0,4320.5896,23.562554289999994,52.513
0.0,0.0,100.0,3.19,412.27,0.0,0.0,10.0,3.12,11.07,0.0,10.48,10.0,40.0,0.0,0.0,0.0,0.0,0.0,4320.5896,23.70945681499998,52.718
0.0,0.0,100.0,3.19,412.27,0.0,0.0,10.0,3.12,11.07,0.0,10.48,10.0,40.0,0.0,0.0,0.0,0.0,0.0,4320.5896,23.70945681499998,52.913
0.0,100.0,100.0,3.19,412.27,0.0,0.0,10.0,3.12,11.07,0.0,10.48,10.0,40.0,0.0,0.0,0.0,0.0,0.0,4320.5896,23.944500854999973,53.113
0.0,100.0,100.0,3.19,412.27,0.0,0.0,10.0,3.12,11.07,0.0,10.48,10.0,40.0,0.0,0.0,0.0,0.0,0.0,4320.5896,24.267686409999982,53.313
0.0,100.0,100.0,2.77,412.56,0.0,0.0,10.0,3.08,12.07,0.0,10.52,10.0,41.0,95.0,0.0,0.33085060693916346,0.0,0.23203655899999998,4340.1312,24.32644741999998,53.52
0.0,100.0,100.0,2.77,412.56,0.0,0.0,10.0,3.08,12.07,0.0,10.52,10.0,41.0,95.0,0.0,0.33085060693916346,0.0,0.23203655899999998,4340.1312,24.355827924999986,53.714
0.0,100.0,100.0,2.77,412.56,0.0,0.0,10.0,3.08,12.07,0.0,10.52,10.0,41.0,95.0,0.0,0.33085060693916346,0.0,0.23203655899999998,4340.1312,24.44396943999999,53.913
0.0,100.0,100.0,2.77,412.56,0.0,0.0,10.0,3.08,12.07,0.0,10.52,10.0,41.0,95.0,0.0,0.33085060693916346,0.0,0.23203655899999998,4340.1312,24.679013479999995,54.113
0.0,100.0,100.0,2.77,412.56,0.0,0.0,10.0,3.08,12.07,0.0,10.52,10.0,41.0,95.0,0.0,0.33085060693916346,0.0,0.23203655899999998,4340.1312,24.884677014999994,54.318
0.0,100.0,100.0,2.77,412.56,0.0,0.0,10.0,3.08,12.07,0.0,10.52,10.0,41.0,95.0,0.0,0.33085060693916346,0.0,0.23203655899999998,4340.1312,24.855296509999988,54.514
0.0,100.0,100.0,2.77,412.56,0.0,0.0,10.0,3.08,12.07,0.0,10.52,10.0,41.0,95.0,0.0,0.33085060693916346,0.0,0.23203655899999998,4340.1312,24.884677014999994,54.713
0.0,100.0,100.0,2.52,419.46,0.51,0.0,10.0,3.04,11.79,0.0,10.66,10.0,41.0,95.0,0.0,0.4317520469043152,0.0,0.306831788,4471.4436,24.825916004999982,54.914
0.0,100.0,100.0,2.52,419.46,0.51,0.0,10.0,3.04,11.79,0.0,10.66,10.0,41.0,95.0,0.0,0.4317520469043152,0.0,0.306831788,4471.4436,24.620252469999997,55.119
0.0,100.0,100.0,2.52,419.46,0.51,0.0,10.0,3.04,11.79,0.0,10.66,10.0,41.0,95.0,0.0,0.4317520469043152,0.0,0.306831788,4471.4436,24.855296509999988,55.312
0.0,100.0,100.0,2.52,419.46,0.51,0.0,10.0,3.04,11.79,0.0,10.66,10.0,41.0,95.0,0.0,0.4317520469043152,0.0,0.306831788,4471.4436,25.060960044999987,55.513
0.0,100.0,100.0,2.52,419.46,0.51,0.0,10.0,3.04,11.79,0.0,10.66,10.0,41.0,95.0,0.0,0.4317520469043152,0.0,0.306831788,4471.4436,25.20786256999999,55.713
0.0,100.0,100.0,2.52,419.46,0.51,0.0,10.0,3.04,11.79,0.0,10.66,10.0,41.0,95.0,0.0,0.4317520469043152,0.0,0.306831788,4471.4436,25.325384589999985,55.918
0.0,100.0,100.0,2.52,419.46,0.51,0.0,10.0,3.04,11.79,0.0,10.66,10.0,41.0,95.0,0.0,0.4317520469043152,0.0,0.306831788,4471.4436,25.266623579999987,56.114
0.0,100.0,100.0,2.52,419.46,0.51,0.0,10.0,3.04,11.79,0.0,10.66,10.0,41.0,95.0,0.0,0.4317520469043152,0.0,0.306831788,4471.4436,25.178482064999983,56.313
0.0,100.0,100.0,2.26,415.44,1.33,0.0,10.0,3.02,14.38,0.0,10.79,10.0,43.0,95.0,0.0,60.254057001853575,0.0,43.34275167,4482.5976,25.002199034999975,56.514
0.0,100.0,100.0,2.26,415.44,1.33,0.0,10.0,3.02,14.38,0.0,10.79,10.0,43.0,95.0,0.0,60.254057001853575,0.0,43.34275167,4482.5976,25.119721054999985,56.718
0.0,100.0,100.0,2.26,415.44,1.33,0.0,10.0,3.02,14.38,0.0,10.79,10.0,43.0,95.0,0.0,60.254057001853575,0.0,43.34275167,4482.5976,24.943438024999992,56.915
0.0,100.0,100.0,2.26,415.44,1.33,0.0,10.0,3.02,14.38,0.0,10.79,10.0,43.0,95.0,0.0,60.254057001853575,0.0,43.34275167,4482.5976,24.796535499999976,57.113
0.0,100.0,100.0,2.26,415.44,1.33,0.0,10.0,3.02,14.38,0.0,10.79,10.0,43.0,95.0,0.0,60.254057001853575,0.0,43.34275167,4482.5976,24.561491459999985,57.313
0.0,100.0,100.0,2.26,415.44,1.33,0.0,10.0,3.02,14.38,0.0,10.79,10.0,43.0,95.0,0.0,60.254057001853575,0.0,43.34275167,4482.5976,24.414588934999998,57.518
0.0,100.0,100.0,2.26,415.44,1.33,0.0,10.0,3.02,14.38,0.0,10.79,10.0,43.0,95.0,0.0,60.254057001853575,0.0,43.34275167,4482.5976,24.297066914999988,57.713
0.0,100.0,100.0,2.26,415.44,1.33,0.0,10.0,3.02,14.38,0.0,10.79,10.0,43.0,95.0,0.0,60.254057001853575,0.0,43.34275167,4482.5976,24.23830590499999,57.913
0.0,100.0,100.0,2.19,416.44,2.23,0.0,10.0,3.01,13.23,0.0,10.86,10.0,43.0,95.0,0.0,151.73030220994477,0.0,109.8527388,4522.5383999999995,24.32644741999998,58.114
0.0,100.0,100.0,2.19,416.44,2.23,0.0,10.0,3.01,13.23,0.0,10.86,10.0,43.0,95.0,0.0,151.73030220994477,0.0,109.8527388,4522.5383999999995,24.297066914999988,58.318
0.0,100.0,100.0,2.19,416.44,2.23,0.0,10.0,3.01,13.23,0.0,10.86,10.0,43.0,95.0,0.0,151.73030220994477,0.0,109.8527388,4522.5383999999995,24.150164389999986,58.513
0.0,100.0,100.0,2.19,416.44,2.23,0.0,10.0,3.01,13.23,0.0,10.86,10.0,43.0,95.0,0.0,151.73030220994477,0.0,109.8527388,4522.5383999999995,23.82697883499999,58.713
0.0,100.0,100.0,2.19,416.44,2.23,0.0,10.0,3.01,13.23,0.0,10.86,10.0,43.0,95.0,0.0,151.73030220994477,0.0,109.8527388,4522.5383999999995,24.003261864999985,58.913
0.0,100.0,100.0,2.19,416.44,2.23,0.0,10.0,3.01,13.23,0.0,10.86,10.0,43.0,95.0,0.0,151.73030220994477,0.0,109.8527388,4522.5383999999995,23.944500854999973,59.115
0.0,100.0,100.0,2.19,416.44,2.23,0.0,10.0,3.01,13.23,0.0,10.86,10.0,43.0,95.0,0.0,151.73030220994477,0.0,109.8527388,4522.5383999999995,23.88573984499999,59.314
0.0,100.0,100.0,2.19,416.44,2.23,0.0,10.0,3.01,13.23,0.0,10.86,10.0,43.0,95.0,0.0,151.73030220994477,0.0,109.8527388,4522.5383999999995,24.150164389999986,59.513
0.0,100.0,100.0,2.2,419.32,3.16,0.0,10.0,3.01,14.38,0.0,10.98,10.0,40.0,95.0,0.0,213.72691475409832,0.0,156.44810159999997,4604.1336,24.385208429999977,59.714
0.0,100.0,100.0,2.2,419.32,3.16,0.0,10.0,3.01,14.38,0.0,10.98,10.0,40.0,95.0,0.0,213.72691475409832,0.0,156.44810159999997,4604.1336,24.32644741999998,59.915
0.0,100.0,100.0,2.2,419.32,3.16,0.0,10.0,3.01,14.38,0.0,10.98,10.0,40.0,95.0,0.0,213.72691475409832,0.0,156.44810159999997,4604.1336,24.12078388499998,60.115
0.0,100.0,100.0,2.2,419.32,3.16,0.0,10.0,3.01,14.38,0.0,10.98,10.0,40.0,95.0,0.0,213.72691475409832,0.0,156.44810159999997,4604.1336,23.91512034999998,60.313
0.0,100.0,100.0,2.2,419.32,3.16,0.0,10.0,3.01,14.38,0.0,10.98,10.0,40.0,95.0,0.0,213.72691475409832,0.0,156.44810159999997,4604.1336,23.650695804999984,60.514
0.0,100.0,100.0,2.2,419.32,3.16,0.0,10.0,3.01,14.38,0.0,10.98,10.0,40.0,95.0,0.0,213.72691475409832,0.0,156.44810159999997,4604.1336,23.32751024999999,60.713
0.0,100.0,100.0,2.2,419.32,3.16,0.0,10.0,3.01,14.38,0.0,10.98,10.0,40.0,95.0,0.0,213.72691475409832,0.0,156.44810159999997,4604.1336,23.180607724999987,60.913
0.0,100.0,100.0,2.2,419.32,3.16,0.0,10.0,3.01,14.38,0.0,10.98,10.0,40.0,95.0,0.0,213.72691475409832,0.0,156.44810159999997,4604.1336,23.298129744999997,61.113
0.0,100.0,100.0,2.21,416.16,3.49,0.0,10.0,3.02,8.48,0.0,10.99,10.0,40.0,95.0,0.0,223.06674267515925,0.0,163.4335668,4573.598400000001,23.063085704999978,61.314
0.0,100.0,100.0,2.21,416.16,3.49,0.0,10.0,3.02,8.48,0.0,10.99,10.0,40.0,95.0,0.0,223.06674267515925,0.0,163.4335668,4573.598400000001,22.857422169999992,61.513
0.0,100.0,100.0,2.21,416.16,3.49,0.0,10.0,3.02,8.48,0.0,10.99,10.0,40.0,95.0,0.0,223.06674267515925,0.0,163.4335668,4573.598400000001,22.974944189999988,61.713
0.0,100.0,100.0,2.21,416.16,3.49,0.0,10.0,3.02,8.48,0.0,10.99,10.0,40.0,95.0,0.0,223.06674267515925,0.0,163.4335668,4573.598400000001,23.063085704999978,61.913
0.0,100.0,100.0,2.21,416.16,3.49,0.0,10.0,3.02,8.48,0.0,10.99,10.0,40.0,95.0,0.0,223.06674267515925,0.0,163.4335668,4573.598400000001,22.71051964499999,62.113
0.0,100.0,100.0,2.21,416.16,3.49,0.0,10.0,3.02,8.48,0.0,10.99,10.0,40.0,95.0,0.0,223.06674267515925,0.0,163.4335668,4573.598400000001,22.475475604999986,62.314
0.0,100.0,100.0,2.21,416.16,3.49,0.0,10.0,3.02,8.48,0.0,10.99,10.0,40.0,95.0,0.0,223.06674267515925,0.0,163.4335668,4573.598400000001,22.416714594999988,62.513
0.0,100.0,100.0,2.21,416.16,3.49,0.0,10.0,3.02,8.48,0.0,10.99,10.0,40.0,95.0,0.0,223.06674267515925,0.0,163.4335668,4573.598400000001,22.21105105999999,62.713
0.0,100.0,100.0,2.22,415.58,3.59,0.0,10.0,3.02,12.51,0.0,11.02,10.0,40.0,95.0,0.0,224.15600240471866,0.0,164.67994309999997,4579.691599999999,22.416714594999988,62.914
0.0,100.0,100.0,2.22,415.58,3.59,0.0,10.0,3.02,12.51,0.0,11.02,10.0,40.0,95.0,0.0,224.15600240471866,0.0,164.67994309999997,4579.691599999999,22.50485610999999,63.114
0.0,100.0,100.0,2.22,415.58,3.59,0.0,10.0,3.02,12.51,0.0,11.02,10.0,40.0,95.0,0.0,224.15600240471866,0.0,164.67994309999997,4579.691599999999,22.651758634999993,63.318
0.0,100.0,100.0,2.22,415.58,3.59,0.0,10.0,3.02,12.51,0.0,11.02,10.0,40.0,95.0,0.0,224.15600240471866,0.0,164.67994309999997,4579.691599999999,22.534236614999983,63.513
0.0,100.0,100.0,2.22,415.58,3.59,0.0,10.0,3.02,12.51,0.0,11.02,10.0,40.0,95.0,0.0,224.15600240471866,0.0,164.67994309999997,4579.691599999999,22.328573079999984,63.713
0.0,100.0,100.0,2.22,415.58,3.59,0.0,10.0,3.02,12.51,0.0,11.02,10.0,40.0,95.0,0.0,224.15600240471866,0.0,164.67994309999997,4579.691599999999,22.56361711999999,63.913
0.0,100.0,100.0,2.22,415.58,3.59,0.0,10.0,3.02,12.51,0.0,11.02,10.0,40.0,95.0,0.0,224.15600240471866,0.0,164.67994309999997,4579.691599999999,22.240431564999994,64.118
0.0,100.0,100.0,2.19,416.16,3.61,0.0,10.0,3.03,9.77,0.0,11.01,10.0,41.0,95.0,0.0,225.3109648501362,0.0,165.37824819999997,4581.921600000001,22.50485610999999,64.314
0.0,100.0,100.0,2.19,416.16,3.61,0.0,10.0,3.03,9.77,0.0,11.01,10.0,41.0,95.0,0.0,225.3109648501362,0.0,165.37824819999997,4581.921600000001,22.79866115999998,64.513
0.0,100.0,100.0,2.19,416.16,3.61,0.0,10.0,3.03,9.77,0.0,11.01,10.0,41.0,95.0,0.0,225.3109648501362,0.0,165.37824819999997,4581.921600000001,22.828041664999986,64.713
0.0,100.0,100.0,2.19,416.16,3.61,0.0,10.0,3.03,9.77,0.0,11.01,10.0,41.0,95.0,0.0,225.3109648501362,0.0,165.37824819999997,4581.921600000001,22.622378129999973,64.918
0.0,100.0,100.0,2.19,416.16,3.61,0.0,10.0,3.03,9.77,0.0,11.01,10.0,41.0,95.0,0.0,225.3109648501362,0.0,165.37824819999997,4581.921600000001,22.79866115999998,65.113
0.0,100.0,100.0,2.19,416.16,3.61,0.0,10.0,3.03,9.77,0.0,11.01,10.0,41.0,95.0,0.0,225.3109648501362,0.0,165.37824819999997,4581.921600000001,22.56361711999999,65.313
0.0,100.0,100.0,2.19,416.16,3.61,0.0,10.0,3.03,9.77,0.0,11.01,10.0,41.0,95.0,0.0,225.3109648501362,0.0,165.37824819999997,4581.921600000001,22.416714594999988,65.513
0.0,100.0,100.0,2.19,416.16,3.61,0.0,10.0,3.03,9.77,0.0,11.01,10.0,41.0,95.0,0.0,225.3109648501362,0.0,165.37824819999997,4581.921600000001,22.152290049999976,65.718
0.0,100.0,100.0,2.22,417.31,3.62,0.0,10.0,3.03,12.22,0.0,10.99,10.0,41.0,95.0,0.0,225.72099390354862,0.0,165.37824819999997,4586.2369,22.416714594999988,65.913
0.0,100.0,100.0,2.22,417.31,3.62,0.0,10.0,3.03,12.22,0.0,10.99,10.0,41.0,95.0,0.0,225.72099390354862,0.0,165.37824819999997,4586.2369,22.739900149999983,66.113
0.0,100.0,100.0,2.22,417.31,3.62,0.0,10.0,3.03,12.22,0.0,10.99,10.0,41.0,95.0,0.0,225.72099390354862,0.0,165.37824819999997,4586.2369,22.974944189999988,66.313
0.0,100.0,100.0,2.22,417.31,3.62,0.0,10.0,3.03,12.22,0.0,10.99,10.0,41.0,95.0,0.0,225.72099390354862,0.0,165.37824819999997,4586.2369,23.32751024999999,66.518
0.0,100.0,100.0,2.22,417.31,3.62,0.0,10.0,3.03,12.22,0.0,10.99,10.0,41.0,95.0,0.0,225.72099390354862,0.0,165.37824819999997,4586.2369,23.41565176499998,66.713
0.0,100.0,100.0,2.22,417.31,3.62,0.0,10.0,3.03,12.22,0.0,10.99,10.0,41.0,95.0,0.0,225.72099390354862,0.0,165.37824819999997,4586.2369,23.680076309999976,66.914
0.0,100.0,100.0,2.22,417.31,3.62,0.0,10.0,3.03,12.22,0.0,10.99,10.0,41.0,95.0,0.0,225.72099390354862,0.0,165.37824819999997,4586.2369,23.82697883499999,67.113
0.0,100.0,100.0,2.22,417.31,3.62,0.0,10.0,3.03,12.22,0.0,10.99,10.0,41.0,95.0,0.0,225.72099390354862,0.0,165.37824819999997,4586.2369,23.738837319999988,67.318
0.0,100.0,100.0,2.14,415.87,3.61,0.0,10.0,3.03,8.91,0.0,10.96,10.0,44.0,95.0,0.0,226.338843339416,0.0,165.37824819999997,4557.935200000001,23.88573984499999,67.514
0.0,100.0,100.0,2.14,415.87,3.61,0.0,10.0,3.03,8.91,0.0,10.96,10.0,44.0,95.0,0.0,226.338843339416,0.0,165.37824819999997,4557.935200000001,23.797598329999985,67.712
0.0,100.0,100.0,2.14,415.87,3.61,0.0,10.0,3.03,8.91,0.0,10.96,10.0,44.0,95.0,0.0,226.338843339416,0.0,165.37824819999997,4557.935200000001,23.41565176499998,67.914
0.0,100.0,100.0,2.14,415.87,3.61,0.0,10.0,3.03,8.91,0.0,10.96,10.0,44.0,95.0,0.0,226.338843339416,0.0,165.37824819999997,4557.935200000001,23.738837319999988,68.118
0.0,100.0,100.0,2.14,415.87,3.61,0.0,10.0,3.03,8.91,0.0,10.96,10.0,44.0,95.0,0.0,226.338843339416,0.0,165.37824819999997,4557.935200000001,23.88573984499999,68.315
0.0,100.0,100.0,2.14,415.87,3.61,0.0,10.0,3.03,8.91,0.0,10.96,10.0,44.0,95.0,0.0,226.338843339416,0.0,165.37824819999997,4557.935200000001,23.797598329999985,68.513
0.0,100.0,100.0,2.14,415.87,3.61,0.0,10.0,3.03,8.91,0.0,10.96,10.0,44.0,95.0,0.0,226.338843339416,0.0,165.37824819999997,4557.935200000001,23.88573984499999,68.713
0.0,100.0,100.0,2.14,415.87,3.61,0.0,10.0,3.03,8.91,0.0,10.96,10.0,44.0,95.0,0.0,226.338843339416,0.0,165.37824819999997,4557.935200000001,23.944500854999973,68.918
0.0,100.0,100.0,2.15,418.6,3.6,0.0,10.0,3.03,5.75,0.0,10.93,10.0,41.0,95.0,0.0,226.96008444647754,0.0,165.37824819999997,4575.298,23.944500854999973,69.114
0.0,100.0,100.0,2.15,418.6,3.6,0.0,10.0,3.03,5.75,0.0,10.93,10.0,41.0,95.0,0.0,226.96008444647754,0.0,165.37824819999997,4575.298,23.768217824999994,69.313
0.0,100.0,100.0,2.15,418.6,3.6,0.0,10.0,3.03,5.75,0.0,10.93,10.0,41.0,95.0,0.0,226.96008444647754,0.0,165.37824819999997,4575.298,23.944500854999973,69.514
0.0,100.0,100.0,2.15,418.6,3.6,0.0,10.0,3.03,5.75,0.0,10.93,10.0,41.0,95.0,0.0,226.96008444647754,0.0,165.37824819999997,4575.298,24.003261864999985,69.718
0.0,100.0,100.0,2.15,418.6,3.6,0.0,10.0,3.03,5.75,0.0,10.93,10.0,41.0,95.0,0.0,226.96008444647754,0.0,165.37824819999997,4575.298,23.797598329999985,69.913
0.0,100.0,100.0,2.15,418.6,3.6,0.0,10.0,3.03,5.75,0.0,10.93,10.0,41.0,95.0,0.0,226.96008444647754,0.0,165.37824819999997,4575.298,23.88573984499999,70.113
0.0,100.0,100.0,2.15,418.6,3.6,0.0,10.0,3.03,5.75,0.0,10.93,10.0,41.0,95.0,0.0,226.96008444647754,0.0,165.37824819999997,4575.298,23.82697883499999,70.314
0.0,100.0,100.0,2.15,418.6,3.6,0.0,10.0,3.03,5.75,0.0,10.93,10.0,41.0,95.0,0.0,226.96008444647754,0.0,165.37824819999997,4575.298,23.82697883499999,70.514
0.0,100.0,100.0,2.2,418.89,3.59,0.0,10.0,3.02,17.39,0.0,10.94,10.0,41.0,95.0,0.0,225.79516878427785,0.0,164.67994309999997,4582.656599999999,24.12078388499998,70.715
0.0,100.0,100.0,2.2,418.89,3.59,0.0,10.0,3.02,17.39,0.0,10.94,10.0,41.0,95.0,0.0,225.79516878427785,0.0,164.67994309999997,4582.656599999999,24.385208429999977,70.913
0.0,100.0,100.0,2.2,418.89,3.59,0.0,10.0,3.02,17.39,0.0,10.94,10.0,41.0,95.0,0.0,225.79516878427785,0.0,164.67994309999997,4582.656599999999,24.062022874999982,71.113
0.0,100.0,100.0,2.2,418.89,3.59,0.0,10.0,3.02,17.39,0.0,10.94,10.0,41.0,95.0,0.0,225.79516878427785,0.0,164.67994309999997,4582.656599999999,24.208925399999984,71.313
0.0,100.0,100.0,2.2,418.89,3.59,0.0,10.0,3.02,17.39,0.0,10.94,10.0,41.0,95.0,0.0,225.79516878427785,0.0,164.67994309999997,4582.656599999999,24.267686409999982,71.513
0.0,100.0,100.0,2.2,418.89,3.59,0.0,10.0,3.02,17.39,0.0,10.94,10.0,41.0,95.0,0.0,225.79516878427785,0.0,164.67994309999997,4582.656599999999,24.414588934999998,71.713
0.0,100.0,100.0,2.2,418.89,3.59,0.0,10.0,3.02,17.39,0.0,10.94,10.0,41.0,95.0,0.0,225.79516878427785,0.0,164.67994309999997,4582.656599999999,24.267686409999982,71.914
0.0,100.0,100.0,2.2,418.89,3.59,0.0,10.0,3.02,17.39,0.0,10.94,10.0,41.0,95.0,0.0,225.79516878427785,0.0,164.67994309999997,4582.656599999999,23.944500854999973,72.113
0.0,100.0,100.0,2.18,419.61,3.57,0.0,10.0,3.02,10.35,0.0,10.98,10.0,41.0,95.0,0.0,224.97259986338793,0.0,164.67994309999997,4607.317800000001,24.003261864999985,72.314
0.0,100.0,100.0,2.18,419.61,3.57,0.0,10.0,3.02,10.35,0.0,10.98,10.0,41.0,95.0,0.0,224.97259986338793,0.0,164.67994309999997,4607.317800000001,24.003261864999985,72.514
0.0,100.0,100.0,2.18,419.61,3.57,0.0,10.0,3.02,10.35,0.0,10.98,10.0,41.0,95.0,0.0,224.97259986338793,0.0,164.67994309999997,4607.317800000001,23.82697883499999,72.713
0.0,100.0,100.0,2.18,419.61,3.57,0.0,10.0,3.02,10.35,0.0,10.98,10.0,41.0,95.0,0.0,224.97259986338793,0.0,164.67994309999997,4607.317800000001,23.650695804999984,72.914
0.0,100.0,100.0,2.18,419.61,3.57,0.0,10.0,3.02,10.35,0.0,10.98,10.0,41.0,95.0,0.0,224.97259986338793,0.0,164.67994309999997,4607.317800000001,23.591934794999986,73.126
0.0,100.0,100.0,2.18,419.61,3.57,0.0,10.0,3.02,10.35,0.0,10.98,10.0,41.0,95.0,0.0,224.97259986338793,0.0,164.67994309999997,4607.317800000001,24.003261864999985,73.313
0.0,100.0,100.0,2.18,419.61,3.57,0.0,10.0,3.02,10.35,0.0,10.98,10.0,41.0,95.0,0.0,224.97259986338793,0.0,164.67994309999997,4607.317800000001,24.23830590499999,73.513
0.0,100.0,100.0,2.18,419.61,3.57,0.0,10.0,3.02,10.35,0.0,10.98,10.0,41.0,95.0,0.0,224.97259986338793,0.0,164.67994309999997,4607.317800000001,24.09140337999999,73.714
0.0,100.0,100.0,2.19,415.29,3.56,0.0,10.0,3.02,13.23,0.0,11.0,10.0,41.0,95.0,0.0,224.56355877272725,0.0,164.67994309999997,4568.1900000000005,24.385208429999977,73.914
0.0,100.0,100.0,2.19,415.29,3.56,0.0,10.0,3.02,13.23,0.0,11.0,10.0,41.0,95.0,0.0,224.56355877272725,0.0,164.67994309999997,4568.1900000000005,24.414588934999998,74.113
0.0,100.0,100.0,2.19,415.29,3.56,0.0,10.0,3.02,13.23,0.0,11.0,10.0,41.0,95.0,0.0,224.56355877272725,0.0,164.67994309999997,4568.1900000000005,24.53211095499998,74.313
0.0,100.0,100.0,2.19,415.29,3.56,0.0,10.0,3.02,13.23,0.0,11.0,10.0,41.0,95.0,0.0,224.56355877272725,0.0,164.67994309999997,4568.1900000000005,24.561491459999985,74.514
